Id;Nombre;Apellido1;Apellido2;Sexo;Nif;Direccion;Municipio;Provincia;Cp;Movil;Telefono;Correo;Nacimiento;direccion_y;diireccion_y;max_clientes;Coste
1;María Jesús;Valencia;Vidal;M;55598678L;Paseo Vuelta Lista 17, 1º;Benicarló;Castellón;12271;690-579-692;964-919-821;marvalencia@email.es;09/09/1935;213;260;52;24092
2;Manuel;Rubio;Soler;H;72383640H;Avenida Sosiego 51, 5;Benidorm;Alicante;3307;635-746-126;967-165-365;manrubio@email.es;31/03/1984;384;27;62;18344
3;María Luisa;García;Llopis;M;82175919R;Avenida  Proposición Pequeña 52, 3º 4ª;Madrid;Madrid;28972;658-253-931;918-964-333;garcia26@correo.com;23/12/1986;391;119;41;23826
4;Laia;Rodríguez;Martin;M;03195495J;Paseo Septentrional Estudioso 132, 5º 5ª;Motril;Granada;18060;641-465-717;958-419-161;lrodriguez@email.com;09/01/2000;221;189;35;18535
5;Manuel;Sánchez;González;H;02673265K;Plaza  Binomio Alto 148, 5;Utrera;Sevilla;41806;606-067-915;951-938-482;manuel.sanchez@mail.es;01/03/1991;264;303;44;22090
6;María;Plaza;Gil;M;15106576S;Paseo Enseñanza 178, 6º;San Bartolomé de Tirajana;Las Palmas;35477;695-130-405;928-221-577;plaza17@correo.es;24/06/1974;233;256;66;22161
7;Sergio;Mamani;Vega;H;86113819W;Paseo Citoplasma 50, 4º 3ª;Barcelona;Barcelona;8374;653-839-468;933-000-450;smamani@mail.net;15/03/1990;488;293;54;17718
8;Concepción;Millán;Pallares;M;01101630E;Paseo  Composición Azul 250 bis, 4;Málaga;Málaga;29142;689-820-875;952-241-088;cmillan@email.net;06/12/1999;181;26;50;18683
9;Josefa;Escribano;Serrano;M;25058329J;Paseo Decadencia Viajera 2, 5º;Hospitalet de Llobregat;Barcelona;8367;676-437-527;934-926-080;jos.escribano@email.net;01/06/1995;304;236;42;18640
10;Antonio Jesús;Alegre;Vázquez;H;76358305F;Paseo Objeción 255, 1º;Jerez de la Frontera;Cádiz;11745;688-727-885;956-115-815;antonialegre@mail.net;22/06/2000;92;207;75;19821
11;Daniel;Cervera;Ferreiro;H;16831475Y;Avenida Mesías 66, 4º;Roquetas de Mar;Almería;4011;630-401-581;950-322-909;dancervera43@correo.es;08/03/1968;391;486;97;16966
12;Félix;De Castro;Carrillo;H;90819459A;Calle de  Bautismo 223, 3º 1ª;Ávila;Ávila;5416;660-599-540;920-956-641;feldecastro@mail.es;19/08/1955;427;381;59;18739
13;Diego;De la Cruz;Ruiz;H;89084260Q;Avenida Herbívoro Maduro 232, 2º;Barcelona;Barcelona;8468;661-709-615;931-272-676;delacruz6@email.com;10/04/1955;173;489;91;24884
14;Natalia;Goñi;Fernández;M;43203032Q;Plaza Abdicación 296, 1;Mataró;Barcelona;8283;658-534-608;931-403-393;goñi63@mail.es;01/03/1938;219;461;34;18099
15;Antonio;Domínguez;Fernández;H;36669650Z;Paseo Comunicativo Joven 4, 1º;San Sebastián;Guipúzcoa;20800;645-715-144;943-301-303;dominguez97@mail.com;22/02/1948;261;457;67;19579
16;José Manuel;Rodríguez;Verdejo;H;23003618F;Avenida Eficiencia 296, 4;Villanueva y Geltrú;Barcelona;8219;635-693-986;931-553-160;josrodriguez@mail.es;25/07/1944;309;478;62;17723
17;María Carmen;Villaverde;González;M;96803743D;Avenida Víscera 248, 4º;Lebrija;Sevilla;41797;639-945-008;956-941-594;mvillaverde@mail.com;01/11/1955;246;474;67;16296
18;María Luisa;Moreno;Mendieta;M;01084191V;Calle Frugívoro Mentiroso 77, 3º;Molina de Segura;Murcia;30523;659-459-964;968-849-939;marialuisa.moreno@mail.com;23/02/1962;383;423;53;21197
19;Javier;Mesa;Gómez;H;34488449H;Plaza de  Hiperónimo Abierto 43, 6º 5ª;Játiva;Valencia;46399;639-727-666;963-911-154;javier.mesa@mail.com;19/05/1991;244;354;86;16763
20;Jesús;Armero;Hernández;H;92434006L;Plaza Concesión Madura 82, 1;Zaragoza;Zaragoza;50764;629-157-259;976-496-698;armero9@mail.net;27/05/1966;390;170;85;24711
21;María Dolores;Segura;Rodríguez;M;10292712M;Calle la Preservación 275, 4;Leganés;Madrid;28193;636-336-577;918-600-393;segura62@mail.com;13/08/1940;322;293;62;19252
22;Juan;Cobo;Vázquez;H;87268691K;Paseo  Bombilla Abierta 284, 4º;Madrid;Madrid;28996;681-279-600;913-950-131;jcobo@correo.es;29/12/1933;329;268;56;15220
23;María Dolores;Maqueda;Fernández;M;53690341S;Avenida Ave Compasivo 27, 2;Ames;La Coruña;15911;605-978-515;981-639-441;mariadoloresmaqueda@correo.net;24/07/1959;239;402;76;22287
24;Alejandro;Garrido;Jiménez;H;89831603C;Plaza lo Visible Prolijo 213, 5º;Alcalá de Henares;Madrid;28002;661-763-492;918-799-595;alejandrogarrido@email.es;13/12/1948;109;2;99;24272
25;Joan;Martínez;García;H;79777255F;Paseo Elipsis 184, 4º 1ª;Málaga;Málaga;29703;605-832-563;955-848-092;joanmartinez27@mail.net;17/08/1961;479;453;40;15025
26;Sergio;Pérez;De la Fuente;H;90266684X;Avenida Tecnología Lenta 56, 2º 3ª;Las Rozas de Madrid;Madrid;28382;622-675-930;915-251-836;sergioperez@correo.es;19/06/1946;225;283;99;15936
27;Isabel;Rodríguez;Martin;M;93007009T;Plaza  Acceso 277, 4º 4ª;Barcelona;Barcelona;8984;647-686-115;938-617-210;irodriguez58@email.net;25/12/1956;93;475;97;15477
28;María Dolores;Font;Marín;M;10819539V;Plaza Prevención Estricta 208, 2º;Valencia;Valencia;46906;655-546-596;961-522-519;mfont@correo.com;22/08/1956;406;215;52;17586
29;Laura;Martínez;Sánchez;M;46142548V;Plaza Perezoso Feo 247, 5;Madrid;Madrid;28332;684-298-621;916-126-754;martinez59@correo.net;13/09/1976;263;161;50;23798
30;Miguel;Prieto;Méndez;H;28404213H;Plaza de  Limnología Luminosa 174, 3;Pineda de Mar;Barcelona;8062;675-754-765;937-661-842;prieto12@mail.net;29/11/1991;494;175;86;24948
31;José Antonio;Muñoz;Fuentes;H;14555738G;Calle Necesidad 73, 1;Madrid;Madrid;28235;660-838-716;917-882-415;josmuñoz@email.com;23/03/1950;346;427;98;24775
32;Sandra;Gamboa;González;M;47389972J;Paseo el Nobiliario 241, 6;Huelva;Huelva;21176;695-038-148;959-706-841;sgamboa20@mail.net;20/08/1979;285;25;71;24126
33;María José;Yepes;Bernal;M;14576138A;Avenida de  Limo Sonoro 182, 2;Valencia;Valencia;46960;697-419-397;969-744-660;mariyepes@correo.net;29/11/1971;287;364;98;19473
34;Carmen;Castro;Gonzalo;M;24435241H;Plaza el Vertebrado Cruel 91, 4;Dos Hermanas;Sevilla;41122;613-515-524;955-934-291;ccastro@mail.es;17/11/1976;243;476;77;24268
35;Luis;Villalonga;Fernández;H;11192384D;Plaza de  Selva Agotada 128 bis, 5;Hospitalet de Llobregat;Barcelona;8080;621-635-018;936-846-723;luivillalonga@mail.es;02/07/1937;46;276;65;22993
36;Francisca;Ramos;Valdés;M;23820938E;Plaza Contribución 199, 3;Málaga;Málaga;29932;609-841-580;952-624-508;francisca.ramos@correo.es;21/08/2000;87;182;33;24689
37;María;Rosado;Pacheco;M;48281736K;Plaza de la Votación Mentirosa 232, 1;Alicante;Alicante;3258;601-454-610;965-988-131;rosado15@email.net;30/01/1981;144;15;100;20170
38;María Teresa;Serrano;Rodríguez;M;05189245P;Paseo Fósil Ácido 224, 2º 4ª;Córdoba;Córdoba;14065;669-870-154;957-154-683;serrano85@email.net;02/06/1991;25;386;92;19219
39;Teresa;Parra;Tirado;M;99849402P;Calle Zooplancton 205, 4º 1ª;San Vicente del Raspeig;Alicante;3874;670-816-801;966-298-557;t.parra@email.com;13/12/1976;7;413;36;23768
40;Marina;Díaz;Fernández;M;22314168M;Avenida Bienaventuranza Ordenada 212, 4;Palma de Mallorca;Islas Baleares;7269;670-143-725;971-994-897;m.diaz@correo.es;03/07/1965;500;308;52;21684
41;Víctor;Trillo;Díaz;H;22966269X;Plaza de  Rehabilitación 159, 5º 1ª;Burriana;Castellón;12952;689-718-751;964-661-867;victor.trillo@mail.es;27/01/1962;16;446;51;23674
42;José Luis;Gea;Ferrer;H;90977909Y;Calle Urgencia 125, 4º;Madrid;Madrid;28636;624-543-888;910-946-761;josgea@mail.com;28/02/1994;0;90;76;23732
43;Dolores;Fernández;Naranjo;M;10854712T;Avenida Advocación Venenosa 59, 4º;Benidorm;Alicante;3585;644-442-537;969-396-738;doloresfernandez@correo.es;05/04/1941;132;402;30;15254
44;Antonio;Villena;Juan;H;25735319K;Paseo de  Turgencia Nueva 197, 4º;Vélez-Málaga;Málaga;29274;688-623-162;955-356-139;ant.villena@email.com;25/03/1934;116;32;60;20646
45;Mónica;Martínez;Varela;M;68051863S;Plaza  Comprensión 172, 2º 5ª;Zaragoza;Zaragoza;50882;698-710-418;976-654-067;m.martinez@email.es;05/05/1964;12;417;35;16836
46;María;Giménez;Martínez;M;24067507P;Plaza Cabeza Cruel 222, 6;Madrid;Madrid;28015;605-351-980;919-560-304;mar.gimenez@mail.es;16/05/1947;159;89;91;17640
47;Marc;Cremades;Cardona;H;24818922J;Avenida de la Sustentación 43, 5º;Móstoles;Madrid;28945;620-925-032;916-806-212;marccremades@email.es;29/05/1980;158;263;89;23575
48;Gonzalo;García;Cortes;H;74379616P;Avenida Sugerencia Amorosa 61, 2º;Cartagena;Murcia;30593;622-712-567;968-132-106;ggarcia@mail.com;01/12/1967;421;265;97;23230
49;Cristina;Caro;Pastor;M;51308000Z;Calle del Invasor Ácido 266, 1;Barcelona;Barcelona;8802;650-093-321;934-132-519;cristinacaro@email.net;15/04/1956;259;137;98;17562
50;María Dolores;Alonso;Gómez;M;24658809A;Paseo de la Predación Hermosa 146, 3;Rentería;Guipúzcoa;20866;638-790-563;943-165-689;alonso4@email.com;23/07/1985;337;225;100;23914
51;Juan;Ibáñez;Martínez;H;64867279B;Calle Conocimiento 50, 5;Coslada;Madrid;28190;663-916-040;916-882-908;juanibañez@email.net;30/08/1945;192;480;68;20366
52;Teresa;Navas;Ayuso;M;91773266T;Paseo de lo Esencial Gentil 83, 1º;Algeciras;Cádiz;11541;677-747-511;956-526-497;teresa.navas@mail.net;17/11/1962;466;181;81;19824
53;María;Álvarez;Castellano;M;49854999S;Paseo Bebida 40, 4;Valladolid;Valladolid;47048;690-165-837;983-264-802;alvarez45@correo.net;01/09/1947;178;456;59;18260
54;Isabel;Zambrano;Perea;M;91920194G;Calle de  Aforo Dulce 16, 1;San Sebastián de los Reyes;Madrid;28509;602-868-521;912-114-244;isabel.zambrano@correo.net;18/05/1972;308;280;77;23232
55;Manuel;Sánchez;Medrano;H;78682943N;Calle de  Bifurcación 215, 1º 4ª;Jumilla;Murcia;30175;618-554-211;968-733-032;sanchez26@mail.com;11/11/1978;111;448;44;21082
56;Rubén;López;Suarez;H;72700353K;Paseo Capilaridad Nueva 91, 4;Madrid;Madrid;28670;697-491-963;918-025-916;rubenlopez@email.com;27/12/1972;223;342;74;19151
57;María Teresa;Miquel;García;M;99992751K;Paseo Oposición Blanca 193, 5º 4ª;Almansa;Albacete;2326;656-211-025;967-502-803;mar.miquel@mail.com;11/09/1982;134;140;78;19970
58;José Miguel;López;Hernández;H;90672370E;Paseo Tragedia 249, 4º;Sevilla;Sevilla;41876;612-592-984;955-178-021;josemiguellopez@correo.com;05/04/1992;367;332;45;19517
59;Laura;Rodríguez;García;M;08145121Q;Calle Celebración 180, 4;Orense;Orense;32859;654-784-257;988-385-269;laurodriguez66@email.es;18/05/2000;494;400;70;17525
60;Rafael;Barrena;Guillen;H;87404966K;Plaza de  Advertencia 146, 2;Gijón;Asturias;33996;657-814-592;981-643-510;rafaelbarrena@email.com;24/05/1997;183;162;79;21297
61;Lucia;Vicent;Solsona;M;33481912F;Avenida Objeción 228, 2º;Orihuela;Alicante;3913;679-027-587;969-621-208;vicent17@correo.es;15/03/1971;249;408;53;17199
62;Pedro;Plaza;Guerra;H;96010678F;Paseo Esencial 147, 1º 6ª;Alcalá de Henares;Madrid;28124;606-613-544;913-235-750;pedroplaza@correo.com;16/04/1935;416;48;59;17523
63;Juan José;Coca;Herreros;H;68262959V;Calle de  Fabricación 190, 5º 3ª;Valls;Tarragona;43966;601-115-709;977-203-155;juanjosecoca@mail.com;21/09/1997;190;492;55;19518
64;Miguel Ángel;Arguelles;Flores;H;80101241S;Plaza el Sosiego 54, 6º;Sanlúcar de Barrameda;Cádiz;11435;684-693-811;956-358-712;marguelles4@mail.com;09/10/1975;269;365;49;15465
65;Carmen;Sánchez;Molina;M;07055342T;Paseo  Abraham Deportivo 59, 1;San Pedro del Pinatar;Murcia;30537;635-765-120;968-733-740;sanchez66@mail.com;25/02/1938;49;195;58;24751
66;José;Herrera;Artigas;H;96707078J;Plaza la Construcción Sincera 258, 6;San Cristóbal de la Laguna;S.C. de Tenerife;38545;699-418-232;922-516-987;herrera71@email.com;29/10/1990;373;21;51;24924
67;María Isabel;Peña;Jiménez;M;14045076B;Avenida Excreción 112, 1º;Calviá;Islas Baleares;7015;648-766-238;971-888-547;peña63@correo.es;17/11/1942;193;81;82;20980
68;Ana María;Lara;Rodríguez;M;42709578G;Paseo de  Consideración Llorosa 15, 3º;Ciudad Real;Ciudad Real;13733;607-969-358;926-674-945;analara8@correo.net;21/05/1943;235;298;97;22436
69;Jaime;Teijeiro;Nadal;H;91109602R;Calle Convexo 98, 1º;Santa Lucía de Tirajana;Las Palmas;35565;627-104-509;928-638-473;teijeiro60@email.net;12/06/1969;78;279;64;15482
70;Álvaro;Barreiro;Gómez;H;69762589R;Avenida Generalización Respetuosa 226, 6;San Sebastián;Guipúzcoa;20859;688-021-165;943-327-294;alvbarreiro@correo.es;01/09/1961;447;137;87;20804
71;Diego;Sánchez;Bayo;H;23780985C;Calle Posesión 151, 5º 3ª;Granada;Granada;18531;663-489-974;958-588-419;dsanchez@mail.com;11/06/1950;70;73;53;16733
72;Carlos;Pérez;Guerra;H;77158104G;Plaza Sociedad Resplandeciente 136, 5º 2ª;Marbella;Málaga;29099;639-388-434;957-399-816;carlosperez79@correo.es;12/07/1974;218;418;68;17715
73;Javier;Pereira;Ferrer;H;32388710H;Paseo Autarquía Inteligente 195, 5º 5ª;Madrid;Madrid;28455;614-330-802;912-602-966;javierpereira90@correo.com;24/04/1963;412;175;89;21137
74;Óscar;Medina;Aguilar;H;94087254G;Calle  Abovedado Inquebrantable 271, 1;Madrid;Madrid;28582;617-023-401;912-877-662;oscmedina@mail.es;07/06/1942;206;470;46;16022
75;Alejandro;Cardona;Vicente;H;15902975Q;Avenida de  Fábula 202, 1;Orense;Orense;32165;678-789-621;988-359-761;cardona42@email.net;14/07/1961;131;288;57;15407
76;Joan;Vélez;Conde;H;07835022A;Plaza Ascendencia Mala 199, 4º;Madrid;Madrid;28163;606-701-514;919-507-380;joan.velez@mail.net;08/05/2000;88;445;85;18526
77;María Carmen;Zhou;Campos;M;93233755N;Paseo Adversativo 279, 1;Zaragoza;Zaragoza;50404;671-608-513;976-122-366;m.zhou@correo.net;11/10/1942;500;150;78;24476
78;José;Diez;Segovia;H;33188563T;Plaza del Deslizamiento Responsable 199, 4;Soria;Soria;42638;680-953-671;975-618-999;josdiez@correo.net;28/04/1938;119;267;51;20389
79;Teresa;Domínguez;Martin;M;45359438B;Avenida Urgencia 241, 6º 5ª;Coslada;Madrid;28174;674-509-542;918-403-264;terdominguez@correo.es;16/10/1967;236;236;71;15680
80;José Luis;Díaz;Muñoz;H;52661599V;Plaza  Fósil Inquebrantable 135, 4º;Alcoy;Alicante;3824;623-252-153;964-651-887;jos.diaz@email.com;13/03/1936;254;248;98;24561
81;Gabriel;Redondo;Vidal;H;44738345X;Plaza  Entrevista 56, 4º;Cartagena;Murcia;30949;688-128-712;968-159-921;gredondo@mail.com;14/07/1933;297;480;96;20845
82;Marina;Hernando;Carbonell;M;23859481V;Paseo Plancton Nuevo 48, 4º;Sevilla;Sevilla;41162;653-984-223;952-679-810;marina.hernando@mail.net;10/11/1966;288;232;81;22041
83;Carmen;Torres;Lumbreras;M;84160350S;Paseo  Unívoco Audaz 32, 5;Barcelona;Barcelona;8253;672-142-447;935-462-738;carmentorres@correo.com;15/11/1980;120;278;42;24433
84;María Luisa;López;García;M;77721456V;Avenida  Micrótomo Independiente 23, 2º 2ª;Vigo;Pontevedra;36530;606-842-880;986-409-569;mari.lopez@mail.net;17/09/1978;246;427;97;21457
85;Dolores;Sánchez;Blanco;M;01447746B;Paseo el Pacífico 125, 5º 4ª;Barcelona;Barcelona;8190;608-625-363;932-428-071;doloressanchez@email.net;24/12/1943;309;52;96;17072
86;Fernando;Higueras;García;H;89411374R;Avenida Abreviatura Dulce 233, 4º 2ª;Alcalá de Henares;Madrid;28587;664-703-015;911-112-534;fhigueras87@mail.es;16/01/1970;133;254;60;23136
87;Mercedes;Zamora;Romero;M;25491730W;Paseo del Comunicativo Rojo 53, 4º 3ª;Gijón;Asturias;33930;677-361-558;982-825-968;mercedes.zamora@mail.net;14/09/1991;475;115;77;20752
88;Mercedes;Gutiérrez;Aragón;M;96784664C;Plaza la Expresiva 103, 1º;Plasencia;Cáceres;10370;639-433-344;927-922-885;gutierrez20@email.es;26/12/1975;36;372;45;15225
89;Pedro;Fernández;Martínez;H;59492633M;Calle Circunferencia 268, 4º 6ª;Almería;Almería;4782;625-772-371;950-285-642;fernandez64@correo.net;24/01/1985;350;288;86;24994
90;Manuel;López;Sanz;H;47317711H;Calle de  Abdicación 147, 3º;Totana;Murcia;30699;608-974-519;968-248-581;mlopez@mail.net;15/02/1986;231;85;31;21897
91;María Jesús;Roda;Palma;M;58795721Q;Calle la Licencia Audaz 213, 2;Ávila;Ávila;5074;651-874-677;920-720-665;mariroda@correo.com;30/03/1985;392;331;56;24366
92;Miguel Ángel;Diez;Redondo;H;98284207D;Paseo Evaporación Enferma 244, 6º;Barcelona;Barcelona;8992;670-925-100;936-223-324;diez62@mail.com;19/11/1957;349;301;91;23504
93;María;García;Rodríguez;M;65955926E;Paseo Conciencia 2, 3;Sevilla;Sevilla;41624;697-983-592;952-163-583;garcia87@correo.com;22/11/1981;213;366;80;19957
94;María Teresa;Bonet;Román;M;21240967F;Paseo Objeto 227, 3º;Madrid;Madrid;28489;637-552-406;910-307-951;mbonet@email.com;02/07/1945;207;294;43;24756
95;María José;Plasencia;García;M;29328847Y;Paseo de  Abdicación Menguante 56, 4º 1ª;Granada;Granada;18283;655-785-163;958-129-377;mariajose.plasencia@email.es;09/07/1999;246;109;55;22544
96;María José;Gallardo;Arenas;M;24746850T;Calle Adherencia Resplandeciente 283, 6º;Salamanca;Salamanca;37474;653-882-261;923-428-794;gallardo74@correo.com;19/11/1998;84;495;62;22097
97;Enrique;Guillen;Fernández;H;79840268T;Calle Expresiva Respetuosa 221, 3º;Bilbao;Vizcaya;48788;629-849-688;945-375-488;e.guillen@mail.net;21/05/1946;369;494;89;17037
98;Juana;Rubio;Sancho;M;96181565G;Plaza de la Versificación 119, 1º 6ª;Santa Coloma de Gramanet;Barcelona;8980;636-646-050;934-521-303;jua.rubio@correo.es;12/09/1940;255;274;66;17465
99;María Teresa;Peña;Espín;M;41306726Z;Paseo  Adolescente 194, 3;Bilbao;Vizcaya;48356;617-749-191;948-953-117;mpeña@email.com;27/09/1948;108;12;34;24008
100;Isabel;Sánchez;Castillo;M;87842318M;Paseo Retículo 56, 6º 4ª;Las Torres de Cotillas;Murcia;30432;622-449-191;968-040-375;isanchez@correo.com;12/04/1983;247;267;70;16832
101;Inmaculada;Martínez;Jiménez;M;01704560F;Calle del Abastecimiento 193, 6;Barcelona;Barcelona;8635;677-708-788;937-013-022;inmaculadamartinez@correo.net;08/07/1986;442;192;77;15622
102;María;Gómez;Tena;M;59065034E;Plaza Bacilo Suculento 169, 2;Almería;Almería;4651;611-505-861;950-601-451;mgomez@email.es;24/04/1990;216;454;90;18247
103;Juan Manuel;Martínez;García;H;85250891B;Calle Hemograma 223, 3º;Denia;Alicante;3350;666-823-662;962-781-849;juamartinez32@mail.com;11/10/1940;32;420;68;17808
104;Encarnación;Gutiérrez;González;M;56624578G;Avenida Excelencia Sabia 89, 5º;Arrecife;Las Palmas;35837;608-423-738;928-345-212;e.gutierrez@mail.com;06/11/1981;400;397;69;20041
105;Ignacio;Méndez;Palomar;H;63302858G;Avenida Vicisitud Santa 230, 4º 5ª;Málaga;Málaga;29964;605-146-267;958-687-711;ignmendez@correo.es;08/03/1991;142;150;53;23473
106;Cristóbal;Cortes;López;H;37199397W;Calle  Bienvenida Deportiva 252, 5º 4ª;Sevilla;Sevilla;41638;625-728-812;954-619-305;cristobalcortes83@email.com;15/08/1947;209;397;95;21754
107;Miguel Ángel;Muñiz;Dimitrov;H;47109916M;Avenida de lo Maleable 126 bis, 4º;San Feliú de Llobregat;Barcelona;8575;645-117-348;931-604-147;mmuñiz@mail.com;10/07/1941;393;459;40;18745
108;María Carmen;Betancor;Acevedo;M;04617871T;Avenida de la Justicia 109, 4;Tarragona;Tarragona;43650;646-498-382;977-090-499;mariacarmen.betancor@email.net;21/04/1994;103;276;61;18260
109;José Manuel;Luis;Jiménez;H;26553168J;Calle Concesión Marrón 160, 4º 5ª;Móstoles;Madrid;28631;612-677-233;910-393-748;jos.luis@mail.com;07/12/1954;177;83;31;18516
110;Josefina;Caballero;Martínez;M;77185496A;Calle de  Exuberancia Verde 240, 3º;Albacete;Albacete;2949;640-019-257;967-938-252;joscaballero@mail.net;06/12/1993;363;301;76;17401
111;José Antonio;Pons;Hermoso;H;93982778V;Paseo Movilidad 259 bis, 3º 3ª;Fuenlabrada;Madrid;28051;603-057-635;916-516-998;jpons@correo.net;25/10/1995;156;340;71;22413
112;Miguel;Martínez;Maldonado;H;81429879N;Calle Prohibición 154, 1º 4ª;Inca;Islas Baleares;7900;691-222-211;971-698-135;mig.martinez@mail.net;16/07/1968;406;24;75;24121
113;Lucia;Úbeda;Salas;M;79747149P;Paseo Herbívoro Rojo 11, 4;Madrid;Madrid;28411;655-354-025;913-897-991;ubeda40@email.es;01/12/1944;342;291;78;24349
114;Antonio José;Gutiérrez;Mateo;H;82968102H;Calle Parábola Malcriada 65, 6º;Viladecans;Barcelona;8818;666-915-698;931-199-077;antgutierrez@mail.es;01/01/1980;381;179;85;18668
115;David;Puentes;Puche;H;35742676D;Calle la Recesión 170, 3º;Zaragoza;Zaragoza;50964;632-169-319;976-501-153;davidpuentes@mail.net;04/04/1954;487;232;66;23251
116;José María;Sánchez;Castro;H;91207032A;Plaza Disyunción Negra 28, 4;Lloret de Mar;Gerona;17899;640-633-360;972-083-368;jossanchez36@correo.com;30/11/1988;436;419;58;17029
117;Alberto;Donoso;Tejedor;H;56691843V;Avenida Inefable 39 bis, 6º;Coslada;Madrid;28851;686-114-859;911-398-376;donoso8@mail.net;14/12/1980;120;89;65;23269
118;Jesús;Mesa;Prado;H;17394880A;Paseo de la Sugerencia Cruel 232, 2º;Arona;S.C. de Tenerife;38217;636-824-899;922-976-812;j.mesa@correo.es;01/08/1976;275;22;38;16637
119;Carlos;Escudero;Salvador;H;52000901V;Calle Vegetal 12 bis, 1º 2ª;Collado Villalba;Madrid;28787;648-547-880;912-255-455;escudero36@mail.com;29/05/1943;287;74;60;19605
120;Carmen María;Vara;García;M;31565546R;Avenida  Consideración Negra 287, 3º 3ª;Colmenar Viejo;Madrid;28197;650-735-033;913-892-849;vara31@mail.com;01/12/1950;111;103;34;16928
121;Ramón;García;Medina;H;88430919J;Calle Sublevación Artística 249, 1º;Telde;Las Palmas;35397;677-557-039;928-103-203;ramon.garcia@correo.es;03/10/1938;143;196;61;23963
122;Elena;Serra;García;M;18519168M;Avenida Agresividad Bonita 143, 1º;Pozuelo de Alarcón;Madrid;28015;652-306-410;918-799-928;elenaserra@correo.com;25/08/1953;236;140;93;19931
123;María Carmen;Prada;López;M;70902088B;Avenida  Nanómetro Difícil 171, 4º;Figueras;Gerona;17935;677-897-887;972-929-999;mariprada@email.com;18/08/1978;422;143;64;23445
124;Isabel;Molina;García;M;29944112K;Avenida de  Adversativo Gordo 119, 4º 4ª;Coslada;Madrid;28480;668-682-062;919-010-990;i.molina@correo.es;05/02/1968;417;251;37;18038
125;María;Pedraza;Jordán;M;12549285W;Avenida  Invasor Viajero 44, 4;Valencia;Valencia;46176;662-295-830;967-708-994;maria.pedraza@mail.es;07/07/1992;235;32;42;16236
126;Pilar;Núñez;Hernández;M;53045920P;Avenida Bicóncavo Sabio 79, 5;Vinaroz;Castellón;12561;621-814-883;964-605-927;nuñez39@mail.com;20/01/1933;376;499;36;18718
127;María Ángeles;Sánchez;Amado;M;36419186C;Calle Envase 105, 4º;Logroño;La Rioja;26541;687-555-480;941-020-233;msanchez@correo.es;26/01/2000;417;346;51;20947
128;Carlos;Vázquez;Pérez;H;33595653J;Calle Recesión 32, 5º;Cartagena;Murcia;30255;675-400-782;968-814-297;vazquez75@mail.com;19/01/2000;13;321;74;21898
129;Jesús;Ortiz;Mata;H;73057775T;Paseo  Reserva Hermosa 284, 1º;El Puerto de Santa María;Cádiz;11508;630-249-774;956-302-908;jesortiz@correo.es;28/03/1996;235;265;81;15970
130;María Isabel;Díaz;Vera;M;53177472T;Plaza Aceptación Baja 55, 3º 5ª;Alcalá de Henares;Madrid;28494;644-689-877;918-309-870;mdiaz@mail.es;06/11/1946;20;360;78;18491
131;Lucia;Díaz;Serrano;M;19597185N;Paseo Inecuación 104, 1;Baena;Córdoba;14490;612-254-821;957-341-799;lucdiaz@correo.net;26/09/1987;131;142;43;20306
132;Manuel;Rueda;Molina;H;20612946R;Plaza Zambullida 223 bis, 5º 2ª;Salou;Tarragona;43273;645-611-893;977-898-513;m.rueda@email.es;06/02/1941;281;258;30;21583
133;Sonia;Vidal;Batista;M;86235725P;Plaza Incisión 125, 1º 5ª;Granollers;Barcelona;8491;626-161-811;934-731-035;svidal@email.com;08/03/1981;182;144;49;20507
134;Alfonso;Sánchez;Garrido;H;32784028N;Calle de  Diptongo 198, 5º;Madrid;Madrid;28400;642-290-738;913-039-414;alfsanchez@correo.es;20/11/1939;427;449;59;24929
135;María Pilar;Casado;Fernández;M;28022254C;Calle de  Hervido Eficiente 112, 2º 2ª;Tarrasa;Barcelona;8729;675-917-406;937-744-758;maricasado@mail.net;12/03/1970;437;159;54;20248
136;Julen;Jiménez;Luque;H;81983215Z;Calle de la Eficiencia Difícil 171, 4º 2ª;Coslada;Madrid;28093;674-456-240;915-602-537;jimenez91@correo.net;05/02/1968;441;169;34;18219
137;José Antonio;Ponce;Gibert;H;73497237R;Plaza el Adverbio Resplandeciente 174, 2º;Fuengirola;Málaga;29936;636-425-525;959-675-878;ponce57@email.es;18/12/1952;219;154;54;17553
138;Josefa;Saavedra;Palazón;M;90047055P;Plaza la Generalización 66, 6º;Castro-Urdiales;Cantabria;39510;620-067-992;942-342-876;j.saavedra@correo.com;14/12/1937;134;116;34;16975
139;Anna;Donaire;Padilla;M;30157983S;Calle Hiperónimo 233, 4º 5ª;Vigo;Pontevedra;36599;603-526-986;986-588-894;annadonaire@correo.es;17/12/1940;270;237;69;24062
140;Ramón;Franco;Lorite;H;53484010V;Calle de  Subsidio Menguante 226, 4º;Gijón;Asturias;33770;694-394-407;986-736-054;rfranco40@correo.com;26/04/1961;302;302;90;23778
141;Isabel;Matei;Cuenca;M;67283444A;Paseo Vegetal 225, 1º;Alcalá de Henares;Madrid;28017;648-370-735;916-363-054;isabelmatei@mail.com;11/04/1985;306;306;77;19745
142;Manuel;Zambrano;Jiménez;H;34340746K;Paseo Axioma 101, 4º;Pozuelo de Alarcón;Madrid;28031;693-431-704;913-438-920;m.zambrano@correo.net;29/10/1971;364;142;82;20022
143;Enrique;León;González;H;58703407R;Plaza de  Intencionalidad Menguante 46, 6º;Sabadell;Barcelona;8066;656-830-604;931-883-941;enrleon61@mail.es;27/12/1937;310;189;47;15451
144;Juan Manuel;Vicent;Domínguez;H;99882129Y;Calle Ionización 299, 2º;Murcia;Murcia;30970;625-667-197;968-693-589;juanmanuel.vicent@correo.es;06/02/1946;440;183;35;20537
145;Jorge;Cruz;López;H;13628626E;Avenida Abstracto Malcriado 10, 1º;Móstoles;Madrid;28990;606-590-726;916-527-808;cruz87@correo.net;28/08/1974;280;176;67;15483
146;Juan Carlos;De los Santos;Expósito;H;89922678S;Calle de  Convalescencia 289, 5º;Benidorm;Alicante;3066;631-331-965;966-942-628;delossantos89@email.com;25/04/1964;126;214;39;18892
147;Javier;Bello;Arcos;H;83235884B;Avenida Absorción 225, 1;Madrid;Madrid;28848;633-105-178;912-847-684;javierbello74@correo.es;09/12/1939;344;473;67;15514
148;Francisco Javier;García;Rosa;H;42335915E;Paseo del Mesías 187, 3º;Gavá;Barcelona;8750;699-380-409;930-089-314;fgarcia@correo.net;05/03/1949;1;50;54;18254
149;María Carmen;Díaz;Simón;M;75923068E;Paseo Devoción 237, 2º;Puebla de Vallbona;Valencia;46740;612-771-891;967-037-144;mariacarmendiaz72@mail.com;20/01/1945;310;15;99;18121
150;Nuria;Valcárcel;Santos;M;65348458F;Plaza Expulsión Bonita 299, 3;Moncada y Reixach;Barcelona;8121;622-811-119;936-065-717;nvalcarcel50@mail.com;23/10/1998;195;360;59;22527
151;Iñigo;Castaño;García;H;89434157Z;Calle Organogénesis 237, 5º 2ª;La Coruña;La Coruña;15776;682-335-437;981-415-616;iñigocastaño@correo.net;05/03/1993;300;59;64;17372
152;Iván;González;Rodríguez;H;08721350A;Paseo lo Adyacente Valiente 93, 3º 4ª;Córdoba;Córdoba;14105;626-854-228;957-224-842;igonzalez100@email.net;04/07/1951;149;273;80;17106
153;Antonio;Sánchez;Rodríguez;H;86279343H;Plaza Descriptiva Deportiva 265, 4º;Lérida;Lérida;25132;619-954-938;973-224-946;antoniosanchez@correo.net;13/06/1940;74;214;51;22969
154;Antonia;Romero;Piquer;M;66385408W;Plaza Expresiva 132, 6º;Hospitalet de Llobregat;Barcelona;8503;608-998-042;936-467-550;antromero@email.com;27/02/1944;37;348;86;15253
155;Antonio;Torralbo;Fernández;H;30463285S;Avenida  Dibujo 282, 4º;Hellín;Albacete;2094;634-821-920;967-042-716;anttorralbo@correo.net;06/08/1953;438;34;88;24145
156;Javier;Gómez;Martin;H;46983508M;Avenida Suciedad Viajera 266, 6º 5ª;Sabadell;Barcelona;8135;677-733-474;932-242-583;javgomez13@email.com;15/10/1939;472;15;43;24881
157;Vicente;Bosch;Mangas;H;91500119R;Paseo Adquisición Malcriada 83, 1º 4ª;Valladolid;Valladolid;47063;611-273-731;983-451-123;bosch79@email.es;20/11/1994;487;202;96;23106
158;Catalina;Gómez;Pérez;M;95603848R;Plaza de  Diagnóstico 167, 3º 4ª;Alcalá de Henares;Madrid;28924;697-066-188;915-763-595;catgomez@email.es;11/05/1966;177;399;65;19897
159;Manuel;Linares;Vera;H;41871696N;Calle Turgencia Malcriada 236, 3º 1ª;Logroño;La Rioja;26413;624-706-791;941-605-024;man.linares@correo.com;28/04/1953;380;22;30;21837
160;María Isabel;Caño;Fernández;M;98803859E;Plaza Brevedad Menguante 277, 3º 4ª;Sagunto;Valencia;46861;632-184-470;969-383-617;mcaño@correo.es;18/12/1996;159;125;90;16221
161;José Antonio;Fraile;Fernández;H;70375854V;Calle el Abiótico Sensato 4, 2º 2ª;Móstoles;Madrid;28940;694-135-516;915-374-123;joseantonio.fraile@email.es;28/09/1969;41;348;77;17372
162;Jordi;Rodríguez;Cabrera;H;69303512G;Calle de la Expulsión 205, 5º 2ª;Isla Cristina;Huelva;21028;662-422-288;959-946-805;jordirodriguez95@correo.com;25/04/1992;153;419;32;20919
163;Carlos;Sebastia;Zapata;H;59844165M;Calle Semblanza Estricta 7, 2º 6ª;Sevilla;Sevilla;41173;696-190-361;956-685-358;csebastia@email.es;07/08/1985;233;72;63;18199
164;Carmen;Morillas;Arribas;M;72185924X;Calle de la Traslación Buena 185, 3º 2ª;Almería;Almería;4756;643-967-775;950-080-386;cmorillas@correo.com;26/04/1939;384;395;33;24819
165;María Carmen;Márquez;Velasco;M;96652578T;Avenida Inducción 291, 3;Calviá;Islas Baleares;7443;651-627-616;971-772-002;m.marquez@mail.es;14/09/1937;198;368;65;21682
166;Francisco;Martínez;Navarro;H;02052090F;Avenida  Monocárpico 152, 6;Reus;Tarragona;43675;671-350-242;977-037-179;fmartinez@email.es;19/03/1975;25;378;54;21434
167;José;Solano;Pizarro;H;72492731C;Avenida de la Plasmólisis 163, 1;Lérida;Lérida;25692;660-050-652;973-422-020;josesolano@email.es;09/04/1959;30;31;77;20306
168;José Luis;Mira;Carbó;H;54758089B;Paseo de  Lumen Lloroso 99, 6;Andújar;Jaén;23062;676-369-598;953-493-187;j.mira@mail.com;02/07/1983;394;430;77;20581
169;José Luis;Arnaiz;Moreno;H;50992921N;Calle Trapezoide 71, 5º 6ª;Puenteareas;Pontevedra;36416;684-967-583;986-927-743;josarnaiz@mail.com;09/01/1944;169;468;52;18391
170;José Manuel;Ramos;González;H;88023319L;Calle la Oposición Cruel 9, 2º;El Masnou;Barcelona;8723;679-303-593;933-913-136;jos.ramos@correo.es;25/07/1948;181;500;78;24070
171;Manuel;Del Cerro;Torres;H;51552930V;Avenida de la Concesión 36, 2º;Santa Lucía de Tirajana;Las Palmas;35997;638-125-638;928-043-351;man.delcerro@correo.es;19/12/1961;161;392;69;15255
172;María;Calderón;Sanz;M;97663140B;Paseo de la Nacionalidad Responsable 127, 1º;Mataró;Barcelona;8926;604-588-749;936-444-456;marcalderon40@mail.net;08/01/1952;301;493;84;22598
173;Pilar;Rodríguez;Fernández;M;39671605D;Paseo el Hemisferio 143, 6º;La Coruña;La Coruña;15310;650-958-980;981-010-714;pilrodriguez46@email.es;25/01/1951;433;449;34;15302
174;Beatriz;Nieto;Rey;M;75252918T;Plaza de  Adversativo 103, 1º;Hospitalet de Llobregat;Barcelona;8557;671-012-605;937-735-257;beanieto@mail.es;27/03/1992;299;330;45;19458
175;José Manuel;López;González;H;38828551C;Paseo  Provisión 229, 6º;Madrid;Madrid;28130;668-658-440;911-468-447;joslopez24@correo.es;04/02/1996;406;83;67;17654
176;María;Fernández;Castillo;M;98798162Y;Avenida de  Lingüística 59, 6;Palencia;Palencia;34132;637-385-843;979-151-647;mfernandez@mail.net;20/07/1964;77;155;87;22857
177;María José;García;Torres;M;48536546Z;Paseo Reciclacimiento 139, 6;Santa Eulalia del Río;Islas Baleares;7414;602-776-200;971-744-676;garcia21@mail.es;17/12/1977;306;88;82;15709
178;Manuel;Sans;González;H;78124468T;Avenida del Hecho 203, 3;Santa Coloma de Gramanet;Barcelona;8044;661-544-069;931-298-664;manuel.sans@mail.es;10/06/1952;358;97;40;16946
179;Antonia;Blanco;Álvarez;M;06933569N;Paseo Comprensión 282, 5º 2ª;Cartagena;Murcia;30168;609-103-823;968-913-412;antoniablanco26@correo.es;29/02/1956;328;141;61;24987
180;Jesús;Fraile;Luque;H;33053781K;Calle Selva 208, 1º;Puebla de Vallbona;Valencia;46352;675-759-485;963-108-572;jesfraile45@email.com;31/08/1994;342;227;50;19882
181;María Teresa;Fernández;Fernández;M;92080278P;Calle de la Convalescencia Nueva 235, 3;La Coruña;La Coruña;15239;624-667-006;981-926-417;marfernandez5@email.com;25/09/1970;61;338;48;15480
182;Ana María;Pellicer;Coello;M;12663714Y;Paseo Octosílabo 164, 6º;Santa Coloma de Gramanet;Barcelona;8635;622-724-594;930-448-047;anamaria.pellicer@email.net;08/04/1959;137;391;100;16295
183;Isabel;Nadal;Jiménez;M;64863813H;Calle de  Abastecimiento Responsable 288, 5º;Lorca;Murcia;30883;680-184-965;968-878-674;isanadal@correo.com;25/12/1978;272;362;32;19562
184;Francisco Javier;Martínez;Da Silva;H;37788005V;Calle Bióxido 249, 1º;Las Palmas de G. C.;Las Palmas;35933;606-295-248;928-028-240;framartinez@email.com;04/04/1993;475;422;37;18198
185;María;Martí;Martí;M;50203768N;Plaza Aseverativo Veloz 253, 1º;Málaga;Málaga;29085;682-409-214;959-546-779;mar.marti@email.com;02/06/1992;116;493;42;15459
186;José Ángel;Fernández;De las Heras;H;16365453X;Calle Ovovivíparo 216, 2;Valencia;Valencia;46445;689-917-207;962-167-472;jfernandez@email.net;28/05/1990;295;227;100;17662
187;José;López;Mérida;H;06604747K;Calle Abstracto 55, 3º 1ª;La Estrada;Pontevedra;36491;693-740-532;986-773-050;lopez73@mail.es;30/07/1984;248;347;86;20092
188;Laura;Recio;Cabrera;M;78860573J;Paseo Ventosidad 238, 5º 6ª;Torrevieja;Alicante;3777;633-642-406;965-907-995;lrecio@email.com;23/09/1982;190;208;54;17660
189;María;Lobo;Díaz;M;58700505C;Calle  Conversión 118, 2º 2ª;La Línea de la Concepción;Cádiz;11233;647-005-208;956-115-831;marlobo96@email.com;23/04/1996;498;209;73;22751
190;José Miguel;Fandiño;Jiménez;H;06842429K;Plaza Parábola 240, 4;Telde;Las Palmas;35622;697-306-464;928-820-115;fandiño72@correo.com;17/02/1933;207;482;76;23080
191;Daniel;Miguel;Montesinos;H;86173901P;Plaza  Cuádruple 61, 5;Zaragoza;Zaragoza;50346;658-214-909;976-600-634;dmiguel@correo.net;29/11/1933;348;261;100;15761
192;María Carmen;Gómez;Hernández;M;14684954Y;Paseo el Anhídrido 121, 1º 1ª;Mazarrón;Murcia;30554;637-357-871;968-303-255;mar.gomez@mail.es;09/02/1934;454;468;90;18625
193;Francisco José;Reyes;Rodríguez;H;86169249W;Paseo Monohíbrido Amoroso 204, 5º 6ª;Córdoba;Córdoba;14256;652-430-468;957-566-417;freyes@mail.es;10/11/1956;29;482;45;16184
194;Juana;Cárdenas;Morales;M;18639616W;Plaza  Coherencia 239, 1º 4ª;Granada;Granada;18163;632-171-438;958-335-948;cardenas76@mail.es;11/02/1935;352;33;84;18071
195;Juan;Echevarría;Cantero;H;06645431H;Calle Oficial Maduro 211, 4º 3ª;Las Torres de Cotillas;Murcia;30132;687-059-610;968-862-537;jechevarria94@mail.net;28/07/1980;28;401;85;22256
196;Carmen;Blasco;Rubio;M;74117373B;Calle Nacionalismo 9, 2;Zaragoza;Zaragoza;50769;654-473-828;976-287-412;cblasco@mail.com;31/01/1939;398;346;59;17939
197;Antonio;Pérez;Calvente;H;46581467G;Plaza Vivienda Baja 74, 3;Madrid;Madrid;28377;665-669-773;910-857-811;antonio.perez@mail.net;05/06/1974;7;452;86;24182
198;Alejandro;Álvarez;López;H;17769925X;Plaza del Acribillamiento Audaz 102, 5º;Llucmajor;Islas Baleares;7405;670-125-671;971-826-277;alejandroalvarez@email.com;18/04/1968;295;472;69;24971
199;Miguel Ángel;Garrido;Montero;H;13540205J;Calle Jilguero Aburrido 8, 3;Motril;Granada;18068;683-879-117;958-511-668;mgarrido@email.es;22/11/1960;362;1;67;23180
200;María Carmen;Rodríguez;Cano;M;62445652P;Plaza el Débil Gordo 187, 6º 6ª;Sevilla;Sevilla;41832;641-291-174;952-279-482;mrodriguez@mail.com;13/05/1945;485;120;34;18832
201;Rosa;González;Hortelano;M;07309265A;Paseo Sencillo Bonito 292, 3º;Móstoles;Madrid;28454;615-008-981;913-232-621;gonzalez97@correo.es;10/11/1997;295;140;42;15487
202;María Jesús;Cerezo;Fabra;M;03553109T;Paseo Motilidad 244, 5º;Calahorra;La Rioja;26019;657-568-476;941-968-320;cerezo5@correo.net;07/01/1974;355;351;82;18562
203;Miguel Ángel;Alonso;Martos;H;41984997S;Paseo del Ave 237, 2º 1ª;Lorca;Murcia;30773;672-583-890;968-030-516;malonso@email.com;07/01/1982;466;137;41;18252
204;María Carmen;Hurtado;Feijoo;M;32577225W;Avenida la Provisión Sabia 46, 5º;Madrid;Madrid;28642;658-935-662;915-979-970;marihurtado@correo.com;16/05/2000;223;185;50;16229
205;Juan Antonio;Suarez;Pascual;H;44999747V;Plaza de la Erosión Humilde 262, 1º;Valencia;Valencia;46276;632-214-913;964-994-250;suarez46@mail.net;13/08/1937;303;497;88;20002
206;María Isabel;Ollé;Torres;M;72676772S;Paseo  Biosfera 69, 6º;Mejorada del Campo;Madrid;28938;612-668-551;916-943-125;olle30@email.es;19/06/1991;111;372;50;22659
207;Javier;Torres;Oliver;H;96345198S;Plaza Distribución 148, 4º 3ª;León;León;24076;642-979-412;987-740-656;torres5@mail.net;16/02/1950;286;475;43;21887
208;Irene;Godoy;Casal;M;13122994E;Avenida Globalización Aburrida 272, 3;Córdoba;Córdoba;14257;603-761-805;957-338-050;igodoy32@correo.es;16/03/1957;456;287;42;20063
209;María Teresa;Salado;Delgado;M;27595515T;Plaza Agobiante 240, 3º;Caravaca de la Cruz;Murcia;30207;686-932-114;968-629-906;mariateresasalado@correo.es;24/10/1984;464;432;78;22062
210;David;Pozo;Salvatierra;H;69319601Q;Avenida  Décimo 121, 4º 3ª;La Coruña;La Coruña;15333;642-381-955;981-441-550;dav.pozo@mail.com;21/03/1993;238;344;72;24190
211;Miguel Ángel;Gallardo;Fernández;H;13662598T;Paseo Abreviatura Lista 280, 2º 3ª;Sevilla;Sevilla;41998;648-527-962;951-506-314;mgallardo67@correo.net;08/02/1936;209;33;68;22562
212;María Carmen;Alonso;Cuello;M;69142108Z;Avenida Psíquico 88, 3;Madrid;Madrid;28019;644-732-864;918-355-471;alonso22@mail.es;21/09/1986;325;349;54;22740
213;Isabel;Coll;Madrigal;M;69406789B;Avenida Hidrófobo Sensato 43, 1º 2ª;San Bartolomé de Tirajana;Las Palmas;35174;644-170-654;928-866-285;isacoll49@correo.net;12/12/1985;76;240;52;23160
214;Ana María;Guerrero;Matesanz;M;65099508D;Paseo Basílica Difícil 207, 6;Alcira;Valencia;46663;686-380-264;962-094-215;anguerrero@correo.es;07/04/1968;190;81;33;17854
215;Juan;Olmos;Sánchez;H;23301160K;Plaza de  Barbarismo 99, 5º;Sevilla;Sevilla;41043;672-106-960;950-824-860;juaolmos@mail.es;22/02/1972;483;464;35;24811
216;Francisco;García;Morales;H;73779691S;Paseo el Evangelio 264, 5º;Barcelona;Barcelona;8661;619-829-115;939-804-186;fragarcia@email.es;14/12/1996;94;165;62;21093
217;Mireia;Gómez;Tirado;M;50902587E;Plaza del Abdomen 110, 4º;Huesca;Huesca;22086;682-717-695;974-508-720;mireia.gomez@email.com;16/10/1998;431;3;48;23012
218;María;García;De la Fuente;M;08517403C;Plaza Bicóncavo Caliente 33, 3º 2ª;Barcelona;Barcelona;8900;604-101-979;939-791-422;m.garcia@mail.es;01/04/1964;85;316;48;24360
219;María;Bosch;Villar;M;60408406X;Avenida Izquierda Fácil 286, 5º;Gerona;Gerona;17974;613-570-948;972-086-518;bosch41@correo.net;09/03/1986;96;149;64;21219
220;Concepción;Álvarez;Benítez;M;20849625X;Calle Asunción Ancha 162, 2º 6ª;Tres Cantos;Madrid;28339;690-141-922;914-573-777;concepcionalvarez@mail.es;12/05/1955;273;363;41;18907
221;Josefa;Piñero;Contreras;M;34190934P;Calle de  Comezón 41, 1º;Plasencia;Cáceres;10977;643-965-570;927-540-022;jospiñero@correo.es;05/10/1988;322;252;53;23258
222;Xavier;Castro;López;H;39046779R;Calle Predecesor Rápido 241 bis, 3º;Madrid;Madrid;28440;649-195-742;917-511-250;x.castro@mail.es;30/05/1943;68;206;55;23584
223;Jesús;Juárez;Mora;H;86489537S;Plaza la Fábula Caliente 69, 2º 5ª;San Cristóbal de la Laguna;S.C. de Tenerife;38863;649-365-942;922-979-264;juarez55@mail.com;19/05/1985;226;475;74;21958
224;Daniel;Almeida;Martínez;H;59861295T;Plaza lo Covalente Viajero 67, 4º 1ª;Badajoz;Badajoz;6173;627-038-030;924-833-438;dalmeida@email.es;16/03/1988;445;249;59;21093
225;José Luis;Ruiz;Popa;H;15668656K;Calle Sustentación Ansiosa 289, 4;Candelaria;S.C. de Tenerife;38908;668-347-359;922-136-977;ruiz50@email.net;23/09/1993;455;302;100;18969
226;José;León;Fernández;H;98610703C;Plaza el Barbarismo Cruel 177, 3º;Guecho;Vizcaya;48715;643-040-774;943-490-249;leon5@mail.net;14/06/1941;391;388;61;18236
227;Bartolomé;Romero;Solorzano;H;71082216A;Avenida Instructivo 255, 1º;Móstoles;Madrid;28617;638-019-266;914-783-689;bartolomeromero@mail.com;26/05/1958;120;17;82;21673
228;María Carmen;Quintana;España;M;30364681N;Plaza Abrupto 11, 2º 6ª;Hospitalet de Llobregat;Barcelona;8099;664-735-712;936-622-370;mariacarmenquintana60@email.net;12/01/1989;294;475;43;15011
229;Francisco Javier;Sancho;Bellón;H;71416901S;Avenida  Abstención 161, 6º 1ª;Madrid;Madrid;28600;643-063-765;911-526-518;franciscojavier.sancho@email.net;19/06/2000;351;296;36;19143
230;Manuel;Fandiño;Molina;H;44610005X;Paseo de  Erlemeyer Venenoso 75, 5º 5ª;Cartagena;Murcia;30064;648-094-976;968-270-982;manuelfandiño82@mail.com;20/01/1963;80;45;98;21658
231;Begoña;Martos;Martin;M;71458911G;Paseo del Ave Deportivo 243, 1º 3ª;Talavera de la Reina;Toledo;45382;629-658-390;925-784-946;martos98@email.es;27/10/1994;82;316;63;18194
232;Dolores;Ballester;Carrillo;M;55948819P;Avenida  Septentrional 115, 6º 1ª;Puerto de la Cruz;S.C. de Tenerife;38112;671-403-191;922-586-523;d.ballester@correo.net;02/09/1963;407;354;82;15418
233;María Carmen;Aznar;Martínez;M;44123229Y;Calle Abdicación 165, 4;Madrid;Madrid;28122;659-641-973;913-272-044;mariaznar@mail.es;15/07/1954;272;212;87;16610
234;Lucia;Santana;García;M;37215580Q;Calle Enseñanza Caliente 182, 1º 1ª;Sabadell;Barcelona;8865;642-902-971;935-082-358;lucsantana@email.es;13/04/1995;107;380;46;21543
235;Francisco;Dávila;Morera;H;19161815D;Plaza Convivencia 170, 2º;Huesca;Huesca;22044;689-730-729;974-298-489;fradavila@email.com;07/05/1963;318;348;69;15497
236;Antonio;Valera;Millán;H;30907429Y;Plaza  Deshabitado 109, 3;Huelva;Huelva;21187;604-602-207;959-980-699;avalera12@mail.es;07/08/1982;422;118;97;20560
237;Juana;Rojo;Ayala;M;56714293L;Avenida de  Víscera Roja 35, 5º;San Cristóbal de la Laguna;S.C. de Tenerife;38838;663-425-141;922-707-441;jrojo@correo.es;09/06/1937;436;403;75;18928
238;Teresa;Cristóbal;Murcia;M;88841707K;Paseo Plancton Gordo 65, 3º 3ª;Las Palmas de G. C.;Las Palmas;35317;657-795-765;928-192-982;teresacristobal21@mail.com;01/04/1982;80;63;95;23235
239;María;Castro;Rosell;M;98387027L;Avenida Contribución Hermosa 195, 4º 5ª;Pontevedra;Pontevedra;36420;643-587-469;986-780-420;mariacastro14@email.net;04/12/1954;493;331;82;20145
240;Elena;Pastor;Ramón;M;21267893T;Calle  Servicio 1, 2;Palma de Mallorca;Islas Baleares;7545;676-129-490;971-201-657;elepastor46@email.es;28/04/1982;364;115;75;21085
241;Francisca;Alonso;Ramírez;M;24777544N;Plaza Generalización Cauta 280, 6º;Los Realejos;S.C. de Tenerife;38286;679-826-096;922-392-405;fra.alonso@email.net;09/12/1957;218;169;63;24156
242;José;Moral;Gomáriz;H;68433899K;Plaza de la Escenografía Liberal 40, 6º;Getafe;Madrid;28715;681-983-347;917-066-617;jmoral@mail.es;29/04/1954;426;80;78;23392
243;Iván;Sales;González;H;77242645C;Paseo Expresión Enferma 60, 3º;Narón;La Coruña;15340;678-818-066;981-526-828;ivansales@email.es;28/04/1939;234;291;46;20935
244;Antonio;García;Pérez;H;38953746A;Plaza Crecimiento 37, 1º 1ª;Barcelona;Barcelona;8662;644-211-329;932-079-146;antgarcia@correo.net;13/04/1983;123;223;90;17734
245;José María;González;Peña;H;91065532E;Avenida Deshabitado 272, 5º;Calafell;Tarragona;43180;609-990-072;977-080-716;josgonzalez13@correo.es;08/08/1965;311;388;41;16268
246;Laura;García;Herrero;M;98300076P;Calle Fenicia 233, 3º;Coslada;Madrid;28931;645-438-318;918-135-813;lgarcia@correo.com;07/07/1976;60;265;78;20352
247;Adam;Cremades;Vázquez;H;45566967B;Calle Exilio 176, 6º 3ª;Hellín;Albacete;2936;674-762-281;967-718-277;adamcremades46@mail.net;09/08/1988;367;23;34;24173
248;Ana Isabel;González;González;M;66861989T;Paseo de la Disección 221, 4º 3ª;Badalona;Barcelona;8549;678-163-065;933-282-159;an.gonzalez@email.com;30/10/1961;460;339;73;19533
249;Lucia;Martínez;Valverde;M;73416154Q;Plaza Composición 223, 5º;Gijón;Asturias;33954;628-018-297;985-379-558;lucmartinez@email.com;31/05/1950;493;214;86;24089
250;José;Benavente;Martin;H;51428105J;Calle de  Fósil Triste 118, 3º 6ª;Dos Hermanas;Sevilla;41796;682-213-070;953-068-855;josbenavente@correo.net;20/09/1970;234;48;34;18131
251;Agustín;Carrero;Redondo;H;06965597R;Avenida Prohibición 134, 1;Pontevedra;Pontevedra;36724;638-391-802;986-768-809;agustincarrero8@correo.net;29/11/1993;305;146;78;16940
252;Juan José;Gutiérrez;González;H;22767152G;Calle Atribución 116, 3º;Cartagena;Murcia;30998;698-835-702;968-943-354;juanjosegutierrez@email.es;08/07/1966;64;152;79;20056
253;María Carmen;Cabrera;Pérez;M;10923774Q;Plaza  Bimestre 79, 4º;Madrid;Madrid;28133;603-527-708;912-172-333;mariacarmencabrera@correo.com;05/09/1965;79;289;81;15430
254;José;Fernández;Ramírez;H;55879700G;Calle Reciclacimiento 105, 6;Salamanca;Salamanca;37954;612-833-110;923-983-516;j.fernandez@mail.com;11/06/1950;194;482;79;20727
255;José;Figueroa;Ramírez;H;14360178J;Calle Vicisitud Fuerte 38, 3º;Barcelona;Barcelona;8559;646-700-786;937-194-830;josefigueroa45@correo.es;03/02/1984;194;266;96;19510
256;Francisco;Del Pino;Sousa;H;33055980N;Plaza Zooplancton Responsable 151, 4º 1ª;Fuenlabrada;Madrid;28311;682-773-351;912-046-763;fradelpino@email.com;23/09/1984;267;130;63;15312
257;Sergio;Fernández;Ruiz;H;67212775J;Paseo Absolución Liberal 4, 1º;Bilbao;Vizcaya;48053;682-310-218;944-733-785;sergio.fernandez@email.net;09/06/1969;34;373;41;20555
258;Raúl;Trigo;López;H;11714481Y;Paseo de  Egipto 191, 1;Madrid;Madrid;28076;646-985-338;916-876-526;trigo17@mail.es;05/07/1983;455;211;99;22681
259;Sonia;Martos;Camacho;M;82745216W;Paseo Plancton Independiente 141, 1;Burjasot;Valencia;46623;615-903-045;965-252-048;sonmartos@mail.es;06/02/1952;426;367;75;24990
260;José;Tena;Álvarez;H;01759644Y;Avenida la Bienaventuranza 171, 3;Elche;Alicante;3367;686-929-136;960-438-134;j.tena@correo.com;20/05/1963;478;68;79;19839
261;Julia;Baños;Vidal;M;36244857P;Calle Adicción 28, 1º;Barcelona;Barcelona;8949;613-132-002;936-245-175;baños61@email.es;07/05/1970;98;168;94;24395
262;Mikel;Abad;Román;H;03586121F;Calle Magnánimo Sensible 156, 2º;Alcalá de Henares;Madrid;28148;619-859-993;910-081-119;mikelabad@mail.es;04/07/1996;95;345;54;19118
263;Carmen;Saiz;Domínguez;M;58364390G;Calle  Babilonia 151, 4º 4ª;Santa Lucía de Tirajana;Las Palmas;35201;636-530-795;928-519-450;csaiz75@mail.com;06/03/1933;300;293;39;19923
264;Isabel;Mari;Delgado;M;72044790G;Calle Coherencia Negra 110, 1º 3ª;Valladolid;Valladolid;47280;696-289-792;983-597-979;isabelmari7@mail.es;08/09/1961;29;427;69;19696
265;Daniel;Valles;Sanjuán;H;33439101E;Plaza el Castellano 133, 6º;Orense;Orense;32800;688-817-933;988-417-026;dvalles@correo.es;17/07/1992;287;146;88;20299
266;David;Mateo;Rodríguez;H;55733265X;Calle Bélico 119, 3;Santurce;Vizcaya;48003;657-955-353;942-194-959;mateo42@mail.com;22/05/1939;38;154;44;19864
267;María;Tendero;Mayorga;M;11842238K;Calle Vértice Ácido 230, 4;Sestao;Vizcaya;48616;685-098-923;948-632-975;m.tendero@mail.com;06/04/1979;357;106;74;17328
268;Laura;Pérez;García;M;49495042P;Calle Indagación 267, 1º 2ª;Madrid;Madrid;28177;654-536-272;916-658-248;lauraperez50@email.com;16/12/1960;132;397;91;21933
269;Juan José;Méndez;Torre;H;38871842W;Avenida Genotipo Sincero 197, 4º;Durango;Vizcaya;48878;611-370-258;945-475-360;jua.mendez@email.com;11/07/1994;141;295;55;16381
270;Josefa;Caamaño;Rovira;M;43597348C;Paseo Icónico 164, 4º 4ª;Valdemoro;Madrid;28158;659-959-448;914-041-227;caamaño13@correo.com;18/05/1954;178;230;30;15889
271;Mikel;Centeno;Herrero;H;18184091S;Avenida Definición 272, 6º;Leganés;Madrid;28345;694-240-619;913-479-960;mikcenteno@correo.com;25/09/1983;487;54;31;17724
272;José Manuel;González;Salido;H;25163260H;Calle la Absorción Suculenta 102, 3;Alicante;Alicante;3208;613-771-230;963-502-117;josgonzalez@correo.es;10/02/1955;11;444;57;22698
273;María Isabel;Sánchez;Muñoz;M;28270850D;Paseo  Vegetal 230, 4º;Rentería;Guipúzcoa;20095;621-594-728;943-665-884;msanchez40@correo.es;27/01/1956;158;347;98;20558
274;Alicia;García;Mayoral;M;06522020W;Plaza  Representación 176, 1º;San Juan de Aznalfarache;Sevilla;41994;634-643-124;951-194-592;alicia.garcia@email.net;28/11/1997;436;16;66;23424
275;Sonia;Rivero;Pascual;M;29111267Y;Avenida de la Religión Moderna 176, 4;Loja;Granada;18898;639-954-748;958-310-689;srivero@email.es;04/03/1960;376;479;48;17170
276;Juan José;Redondo;Hernández;H;28363181H;Plaza la Sílaba Negra 281, 6º;Vélez-Málaga;Málaga;29472;609-477-603;952-401-036;juaredondo@mail.com;02/03/1945;59;197;59;15993
277;Xabier;Chen;Villanueva;H;71345215C;Avenida la Aliteración 208, 2º;Barcelona;Barcelona;8268;613-600-332;935-008-688;xab.chen@correo.es;06/04/1965;455;301;74;23444
278;Jesús;Pérez;Sánchez;H;74002185F;Plaza la Buenaventura 234, 3º 6ª;Calahorra;La Rioja;26589;630-159-744;941-565-725;perez65@mail.es;03/02/1951;386;186;77;15888
279;María Dolores;Martínez;López;M;48729479T;Avenida la Babilonia Culta 181, 6;Illescas;Toledo;45271;635-269-588;925-806-507;martinez17@correo.net;17/06/1998;99;163;86;17027
280;David;Sánchez;Huertas;H;97676302V;Calle de  Aforo 89, 5º;Telde;Las Palmas;35550;654-777-031;928-300-608;davidsanchez15@mail.net;22/08/1941;283;85;39;19697
281;José Antonio;Gascó;Vidal;H;49374719K;Paseo Abdomen 208, 6;Telde;Las Palmas;35963;600-383-965;928-323-580;gasco65@email.es;27/03/1957;205;135;46;22602
282;Ángel;Carmona;Expósito;H;41658533J;Calle  Astronauta Caliente 154, 1º;Madrid;Madrid;28835;665-545-516;916-411-817;angelcarmona50@mail.net;20/10/1936;2;449;74;22030
283;Josefa;Villanueva;Ruiz;M;55516904X;Plaza Citoplasma 45, 4º 5ª;Barcelona;Barcelona;8946;632-260-558;938-329-965;villanueva77@correo.es;08/07/1961;47;61;98;22785
284;José Antonio;Dávila;Maya;H;94708289Q;Calle la Tragicomedia Sincera 234, 4;Vigo;Pontevedra;36909;627-000-250;986-876-737;josdavila@email.es;17/10/1976;390;121;77;18588
285;Sergio;Martos;Tejada;H;11529540P;Avenida Justicia 159, 4;Vitoria;Álava;1982;679-323-473;945-782-865;smartos@email.net;05/11/1984;126;143;98;24363
286;María Pilar;Hernández;Santiago;M;84722979H;Avenida Zambullida Grande 40 bis, 6;Algeciras;Cádiz;11607;698-290-502;956-480-983;m.hernandez@email.net;21/01/1981;251;237;77;19324
287;Nuria;González;García;M;02777703Q;Avenida Subida 155, 3;El Ejido;Almería;4691;609-373-754;950-182-488;nuriagonzalez@correo.net;03/09/1937;359;107;48;20256
288;Mercedes;García;Rúa;M;95530164D;Calle Covalente Arriesgado 63, 2;Coslada;Madrid;28588;677-530-314;918-353-137;mergarcia@mail.net;09/05/1977;132;104;99;22176
289;Pedro José;García;Prats;H;95517887Z;Calle Conductividad 43, 4º 3ª;Don Benito;Badajoz;6579;687-145-200;924-615-539;pgarcia91@email.com;11/02/1965;80;398;51;15196
290;Catalina;Barquín;Lopes;M;58626692Z;Paseo Maquinaria Aurífera 2, 2º 2ª;Madrid;Madrid;28058;654-285-062;912-006-669;cbarquin@email.net;11/10/1975;181;236;44;16729
291;Juan;Jiménez;Gómez;H;70099107Y;Plaza Longitud 11, 2º 1ª;Alcobendas;Madrid;28818;669-911-833;918-845-295;jimenez84@email.net;22/03/1933;277;249;81;17717
292;Fernando;Muñoz;Fernández;H;72851398W;Avenida de  Diptongo Resplandeciente 229, 1;Valencia;Valencia;46523;625-179-464;965-969-116;muñoz27@correo.es;08/12/1995;77;52;93;24695
293;José Luis;Miguel;Granado;H;98349634R;Paseo Carnívoro 28, 3º 1ª;Badalona;Barcelona;8310;662-330-051;934-804-976;miguel36@email.es;14/09/1948;206;408;96;15118
294;Santiago;Iglesias;Blanco;H;78877166T;Plaza Bulimia 147, 3º;Vic;Barcelona;8129;623-898-910;935-982-351;saniglesias@mail.net;22/06/2000;70;156;36;18001
295;Juan José;Campos;Cano;H;13458597D;Paseo Evaluación 33, 4º 3ª;Coslada;Madrid;28566;671-255-767;916-850-747;campos57@email.com;29/11/1940;364;69;59;24286
296;Santiago;Borreguero;Pérez;H;91057722D;Avenida de  Ascendencia Lenta 79, 5º 3ª;Motril;Granada;18772;637-577-540;958-747-884;santiagoborreguero@correo.net;27/06/1964;22;263;88;18775
297;Maite;Fernández;Fernández;M;28701869P;Avenida de la Parsimonia Generosa 260, 5º 2ª;Huesca;Huesca;22293;674-324-309;974-355-255;maifernandez70@mail.net;29/09/1953;394;296;67;19338
298;Pilar;Alonso;Gil;M;67662406V;Calle Consideración 96, 6;Madrid;Madrid;28306;685-924-977;919-932-779;alonso11@correo.com;03/03/1988;165;293;53;20599
299;Sara;Pérez;Lozano;M;27260769L;Avenida  Viceversa Eficiente 248, 3º 3ª;Barberá del Vallés;Barcelona;8590;619-157-670;933-494-760;sarperez@correo.net;06/11/1934;349;362;82;22052
300;Josefa;Guillen;Espino;M;86027045F;Plaza Brevedad 6, 1º 5ª;Madrid;Madrid;28721;609-910-480;919-962-533;jos.guillen@mail.com;07/12/1941;14;84;77;20773
301;Jesús;Matías;Álvarez;H;95455925Z;Plaza de  Observación 118, 5º 4ª;La Orotava;S.C. de Tenerife;38183;646-118-993;922-909-291;jesmatias84@mail.com;17/11/1952;265;81;96;24525
302;Javier;Pérez;Jiménez;H;80850194L;Avenida del Descendiente Alto 10, 2º;Burgos;Burgos;9991;606-898-992;947-922-610;javperez@email.es;12/06/1969;391;353;40;19584
303;María Carmen;Nieves;Comas;M;65278986H;Calle Abeja 111, 6º 4ª;Madrid;Madrid;28031;659-447-218;913-080-279;mariacarmennieves21@email.es;03/12/1979;166;125;77;18361
304;María Begoña;Vicente;De la Torre;M;10336341A;Calle Circunstancial 272, 3º;Bilbao;Vizcaya;48479;652-463-156;948-786-709;mvicente@correo.net;23/07/1973;459;226;49;18465
305;Enrique;González;Martin;H;78308890P;Paseo de  Vacuna 270 bis, 6º 1ª;Ingenio;Las Palmas;35884;614-397-788;928-139-018;enrgonzalez@mail.com;12/07/1961;355;474;38;21378
306;Ana;Guerrero;Dávila;M;32898326T;Avenida  Cabildo Fuerte 226, 6;Burgos;Burgos;9085;679-431-448;947-113-680;anaguerrero@email.net;08/04/1944;159;45;49;16517
307;José;Cabo;Fuster;H;76001460F;Paseo Científica 16, 5º;Castellón de la Plana;Castellón;12627;608-386-271;964-113-214;josecabo@mail.net;20/08/1937;95;203;31;17305
308;Enrique;Castiñeira;Román;H;33554896N;Plaza Erlemeyer 131 bis, 6º;Madrid;Madrid;28432;611-561-897;914-966-787;castiñeira58@email.net;31/07/1941;376;144;43;16155
309;Antonio;Monserrat;Roig;H;60901498M;Avenida de  Pacífico Generoso 206, 2;Valdemoro;Madrid;28208;686-171-839;917-970-256;monserrat32@correo.es;28/01/1989;292;45;68;16000
310;Miguel;Garrido;López;H;27062184Q;Avenida Experiencia Prolija 105, 1º 6ª;Barcelona;Barcelona;8535;639-179-665;937-739-600;miguel.garrido@correo.com;12/09/2000;26;374;39;23151
311;José Antonio;Pacheco;Cabral;H;67292655Z;Avenida de  Reciclacimiento 113, 5º 2ª;Jerez de la Frontera;Cádiz;11849;630-380-108;956-782-716;pacheco85@mail.com;22/06/1984;231;126;54;21625
312;Carlos;Pacheco;Barrado;H;04721795X;Paseo Encabezamiento Fuerte 157, 4º;Las Palmas de G. C.;Las Palmas;35389;652-092-814;928-346-864;c.pacheco@correo.es;22/06/1944;328;128;39;17777
313;Francisca;Jiménez;Ruiz;M;09662421Y;Paseo Audiovisual Deportivo 258, 5º 3ª;Ames;La Coruña;15067;606-142-878;981-933-725;franciscajimenez@correo.com;12/10/1957;267;360;70;19104
314;Isabel;Padilla;Torres;M;50664154F;Avenida Discípulo Listo 18, 1;Barcelona;Barcelona;8324;690-784-548;938-132-427;isapadilla@mail.net;25/10/1978;490;205;85;22134
315;Ana María;Rivera;Blázquez;M;25225785Y;Avenida Abraham Brillante 42, 4;Madrid;Madrid;28104;672-561-746;918-834-889;anrivera@email.com;20/05/1978;357;213;71;24917
316;Sara;Castro;Palacio;M;34221578Q;Avenida  Adquisición Bonita 275, 1º;Sitges;Barcelona;8827;688-301-825;937-206-492;sar.castro@mail.es;07/02/1959;304;61;59;16451
317;María Ángeles;Andrade;López;M;04207390T;Plaza Jurisdicción 176, 4º;Málaga;Málaga;29387;606-966-796;957-739-153;marandrade@correo.es;10/03/1967;370;179;72;20390
318;Ana María;Nieto;López;M;44272106G;Avenida la Placenta 219, 2º 3ª;Gerona;Gerona;17706;688-286-921;972-402-984;annieto15@email.com;19/07/1949;94;178;51;20045
319;Teresa;Ramos;Piqueras;M;33103735L;Paseo  Barbarismo Mentiroso 285, 6º;Valencia;Valencia;46601;624-450-685;961-669-070;tramos71@mail.com;01/09/1987;436;240;95;19558
320;María Isabel;Rojo;Sanz;M;27421857S;Paseo de  Omnipotente Inteligente 8, 1;El Vendrell;Tarragona;43422;645-242-611;977-242-538;m.rojo@email.es;15/11/1935;11;130;62;16608
321;José María;Reina;Luque;H;51104097Y;Plaza de  Longitud Cortés 272, 6º;Málaga;Málaga;29469;666-249-217;954-687-803;jreina@correo.net;16/02/1948;221;110;64;18572
322;Diego;Moran;González;H;59924700V;Paseo de la Resistencia Menguante 115, 4;Marbella;Málaga;29097;699-757-977;958-517-289;diemoran56@email.net;25/03/1941;362;55;90;23141
323;Francisco;Villalón;Martínez;H;38962949Y;Avenida de la Constelación 86, 5º 3ª;Santa Cruz de Tenerife;S.C. de Tenerife;38631;656-852-048;922-197-922;villalon63@email.net;07/07/1998;65;79;56;20131
324;Pilar;Martínez;Carmona;M;04419638G;Paseo  Flexibilidad 66, 1;Castellón de la Plana;Castellón;12614;624-689-461;964-666-415;pilmartinez@mail.net;09/12/1992;438;251;58;17850
325;José Luis;González;Garrido;H;42278914S;Paseo Vegetación Ácida 248, 5º 6ª;Barcelona;Barcelona;8074;614-821-314;936-776-233;gonzalez18@email.com;22/06/1995;230;106;31;21761
326;Ana María;Montero;Martínez;M;05781968K;Calle Novela Generosa 250, 3;Santander;Cantabria;39376;659-570-793;942-571-860;anamaria.montero@mail.es;15/01/1959;451;104;50;20824
327;Jorge;Peña;Verdú;H;59438134Q;Plaza Sílaba Triste 104, 5;Madrid;Madrid;28359;667-361-647;911-583-224;jorgepeña@email.es;27/08/1980;478;103;68;15670
328;Manuel;Duran;Gómez;H;05800701D;Paseo la Versificación Cruel 144, 4;Alcorcón;Madrid;28698;657-838-345;915-624-524;manuelduran@email.com;24/06/1960;283;437;69;18345
329;José Luis;Martínez;Lara;H;99116327N;Paseo Observación Dulce 111, 3;Getafe;Madrid;28422;663-538-242;910-770-632;jos.martinez@correo.net;10/07/1982;4;145;61;22292
330;María Ángeles;Pérez;Buzón;M;63077453E;Plaza de la Colección Veloz 20, 4º;Guecho;Vizcaya;48795;689-473-503;945-940-040;marperez87@email.net;02/03/1999;430;173;56;17236
331;Juan;Lin;Macías;H;42771291P;Avenida  Autoadhesivo Bonito 268, 1º 5ª;Madrid;Madrid;28244;626-564-891;918-535-072;lin71@mail.net;16/01/1990;256;453;89;17005
332;José María;Barros;Puertas;H;02197525J;Avenida Bautismo 247, 6;Leganés;Madrid;28102;665-647-076;916-596-403;josbarros@mail.net;15/07/1996;499;338;94;18531
333;Ricardo;Muñoz;Córdoba;H;86009433J;Avenida Polinización Mala 211, 1;Oliva;Valencia;46880;674-071-678;967-693-635;ricardomuñoz@correo.net;19/04/1934;380;45;88;16249
334;Antonio;Sánchez;Barranco;H;65495302L;Paseo Hipótesis 20, 4º 1ª;Alicante;Alicante;3043;623-871-363;965-704-039;sanchez27@mail.es;04/01/1978;66;426;67;20300
335;Begoña;Fernández;Morales;M;81112117H;Paseo Guía Prolijo 289, 6º 1ª;Cuenca;Cuenca;16783;627-821-795;969-764-999;begfernandez@correo.net;23/01/1937;149;383;92;18277
336;Raquel;Fernández;Marcos;M;69680783Y;Avenida Exhibición Sincera 123, 6;Tarrasa;Barcelona;8273;671-675-904;938-401-178;raqfernandez@mail.net;03/10/1945;133;225;87;19322
337;Pilar;Molina;Vicente;M;32196822L;Plaza de  Comezón Ácido 132, 1º 4ª;Huesca;Huesca;22970;673-556-337;974-578-307;pilarmolina15@correo.es;21/12/1981;121;324;68;15434
338;Francisca;Cabaleiro;Mur;M;38356243V;Calle de  Restauración Difícil 220, 1º 6ª;Dos Hermanas;Sevilla;41595;643-284-490;955-837-284;cabaleiro53@mail.es;30/09/1939;422;266;54;21789
339;María Carmen;Navarro;Gaya;M;55432938V;Plaza la Expresión Verde 200, 5;Tortosa;Tarragona;43649;675-884-320;977-893-537;mnavarro@mail.net;11/07/1980;40;10;30;18087
340;Manuel;Cabezas;García;H;64306744D;Avenida de  Herencia Hermosa 34, 5º;Arucas;Las Palmas;35077;610-734-784;928-047-838;manuelcabezas@mail.net;12/01/1945;1;462;59;23627
341;Fernando;Rodríguez;Maldonado;H;54098723D;Calle Lúteo 298, 1º 5ª;Madrid;Madrid;28468;670-874-189;915-391-496;frodriguez17@correo.es;25/04/1993;292;29;58;23698
342;María Carmen;Milán;Jiménez;M;60996301W;Avenida la Fotometría Cruel 266, 2º 2ª;Reus;Tarragona;43669;649-758-360;977-288-869;marimilan@correo.net;13/10/1991;275;266;67;24032
343;Rubén;González;Romero;H;66100421P;Paseo lo Fácil 282, 5º;Madrid;Madrid;28905;626-710-193;914-405-217;gonzalez71@email.com;28/03/1987;285;436;87;15562
344;María Teresa;Rodríguez;Jimeno;M;40661839R;Avenida Bicóncavo 107, 2º;Madrid;Madrid;28905;689-233-122;911-342-008;rodriguez31@correo.net;21/11/1950;440;442;55;20142
345;Cristina;Jiménez;Alarcón;M;92447474D;Paseo Amstrong 289, 3º 5ª;Benalmádena;Málaga;29369;668-305-458;957-730-406;jimenez26@email.net;08/04/1944;156;43;31;23573
346;María Carmen;Calle;Vilalta;M;84022707G;Calle la Vegetación Dulce 231, 6;Getafe;Madrid;28449;693-464-095;916-567-990;marcalle@email.net;26/06/2000;240;456;82;18183
347;Francisco;Fernández;Cortes;H;76440863H;Plaza Dihíbrido 110, 5º 6ª;Petrer;Alicante;3591;604-946-152;966-670-915;fra.fernandez@email.net;30/06/1967;171;62;38;18675
348;José Manuel;Molla;Iglesias;H;87075346Z;Calle Predisposición Nueva 100, 1º 5ª;La Orotava;S.C. de Tenerife;38759;697-460-635;922-791-079;jmolla21@correo.net;24/09/1949;370;104;50;19163
349;Juan;Calero;Del Rio;H;78727038Q;Plaza de la Concordancia Respetuosa 61, 6º 3ª;Gijón;Asturias;33462;645-322-747;982-524-222;juan.calero@correo.es;02/02/1994;315;27;99;16601
350;Gemma;Blasco;Pastor;M;46916395Y;Paseo del Endocrino 78, 2;Baracaldo;Vizcaya;48748;667-604-712;945-447-054;gblasco@mail.net;11/03/1934;183;292;50;17347
351;Juan;Sierra;Fernández;H;09798246Q;Avenida Diversión 245, 5;Jaén;Jaén;23608;610-463-341;953-437-634;juansierra@email.net;10/12/1934;123;188;41;18643
352;Diego;Gómez;Gil;H;40920065Y;Plaza Anverso 259, 4º 5ª;Zaragoza;Zaragoza;50506;677-605-804;976-917-403;gomez35@mail.net;08/08/1969;275;444;42;20292
353;Adrián;Carrasco;Gómez;H;75904325R;Paseo Preservación 127, 5º 4ª;Pineda de Mar;Barcelona;8923;640-043-278;930-656-157;a.carrasco@mail.es;19/10/1956;7;429;49;20385
354;Miguel Ángel;Martínez;Pérez;H;54752509C;Plaza Restauración Audaz 13, 3;Madrid;Madrid;28165;609-857-051;916-202-008;martinez41@mail.es;06/01/1971;148;231;31;23140
355;Ángel;Berlanga;Pérez;H;96996667D;Calle la Sustentación 28, 1º 1ª;Ingenio;Las Palmas;35554;667-907-239;928-756-505;angelberlanga@correo.net;08/05/1959;47;127;63;15518
356;Iratxe;De la Fuente;Sans;M;63924220K;Plaza  Fábula 214 bis, 1º;Madrid;Madrid;28791;646-102-566;916-298-016;idelafuente@email.net;27/02/1935;200;282;86;20439
357;Marta;Isla;Cebrián;M;43725130Z;Calle Abovedado 176, 1º;Las Rozas de Madrid;Madrid;28406;636-022-667;911-169-553;martaisla16@email.com;18/10/1951;371;449;62;17645
358;Antonio;Díaz;Gallardo;H;66837312W;Paseo de  Deshabitado Sabio 94, 4;Úbeda;Jaén;23960;616-787-347;953-460-650;antoniodiaz@correo.es;21/04/1995;463;202;74;22391
359;Alfonso;Ortiz;Fuentes;H;67550566A;Paseo de  Rehabilitación Bondadosa 232, 2;Villena;Alicante;3782;639-033-231;960-282-895;aortiz@mail.net;30/05/1987;54;54;65;17421
360;María Pilar;Cornejo;Izquierdo;M;44775146B;Calle Coalición Interesante 277, 5º 2ª;San Sebastián de los Reyes;Madrid;28716;626-084-928;910-705-734;mcornejo@correo.com;02/04/1942;445;201;38;16865
361;Yolanda;Benítez;Macías;M;77374667E;Calle Democracia Nueva 236, 3º;Mijas;Málaga;29768;690-490-908;950-753-284;yolanda.benitez@correo.es;28/06/1946;375;370;52;24655
362;Daniel;Diez;Gómez;H;71618424N;Paseo Motilidad Lenta 64, 1º;Rojales;Alicante;3395;608-430-727;969-423-037;danieldiez@email.net;02/01/1981;249;83;53;23795
363;Francisca;Fernández;González;M;25375574L;Paseo del Buscador 6, 4º;Mijas;Málaga;29937;683-250-926;958-780-179;frafernandez@mail.net;11/09/1972;393;139;85;15963
364;Mónica;Pérez;Tomas;M;05997540Z;Plaza Cívico 211, 4º;Segovia;Segovia;40739;637-794-422;921-808-473;monicaperez@mail.es;17/09/1987;171;415;35;23462
365;Javier;Sanz;Romero;H;40566551W;Avenida Zootecnia 262, 5;Oviedo;Asturias;33966;644-964-098;986-776-393;javiersanz73@mail.es;25/05/1944;36;243;71;16508
366;José;Fernández;Escamilla;H;89783070V;Paseo Conciencia 181, 2º 4ª;Sant Cugat del Vallés;Barcelona;8701;692-436-818;938-905-878;j.fernandez@email.com;23/12/1970;123;486;72;15575
367;María;González;García;M;45388840L;Plaza Sociedad Dulce 242, 2º;Ripollet;Barcelona;8522;673-512-130;937-289-542;margonzalez@email.net;04/02/1988;95;147;57;18177
368;Encarnación;Lago;Pérez;M;17312536E;Avenida  Objetivo 220, 3º;Mérida;Badajoz;6361;601-415-388;924-817-911;e.lago@mail.es;24/06/1949;430;208;100;20439
369;Isabel;Santos;Marín;M;86044636A;Avenida de la Violencia Etérea 188, 3º 3ª;Tomelloso;Ciudad Real;13428;650-123-101;926-063-205;santos68@mail.com;19/02/1978;392;225;79;19037
370;Concepción;Pérez;Martínez;M;03315753G;Calle del Bizcocho 146, 3º 6ª;Barcelona;Barcelona;8678;699-712-765;939-823-929;cperez@email.com;31/03/1962;7;99;80;19253
371;José;Bejarano;Negrín;H;49225334K;Plaza de  Necesidad 178, 1º;Gerona;Gerona;17906;640-360-795;972-263-943;josbejarano@mail.es;14/05/1998;260;374;95;20777
372;Miguel;Suarez;Ruiz;H;34713289X;Calle Lingüística Honesta 101, 6;Marbella;Málaga;29330;669-971-867;954-138-925;suarez6@email.es;03/03/1992;218;210;96;20246
373;María Isabel;Flores;Marín;M;51493016H;Plaza Decadencia 43, 5º 5ª;Santa Cruz de Tenerife;S.C. de Tenerife;38901;657-486-522;922-311-851;marflores@mail.net;13/05/1998;352;120;69;17315
374;Enrique;Contreras;Sánchez;H;69659845K;Paseo Convocatoria Audaz 21, 1º;Alcorcón;Madrid;28829;646-071-760;912-085-522;enriquecontreras@mail.net;05/12/1935;76;422;47;22194
375;Rubén;Domínguez;Giner;H;59949142X;Paseo Trascendental Difícil 300, 5º;Barcelona;Barcelona;8819;644-203-899;930-440-495;rdominguez@mail.es;14/11/1993;320;322;88;16866
376;Francisco;Vázquez;Domene;H;37439519G;Paseo Conjunción Grande 80, 1;Badajoz;Badajoz;6382;680-309-535;924-702-016;vazquez100@email.es;28/02/1962;349;74;49;24694
377;Ana María;Guzmán;García;M;13164560G;Paseo Investigación 133, 3;Tarrasa;Barcelona;8604;654-972-118;930-995-561;an.guzman@email.com;11/06/1940;434;385;38;19753
378;Jesús;Ruiz;Gil;H;37219567R;Calle la Sociedad Negra 254, 4º 2ª;Manises;Valencia;46615;658-992-091;966-404-512;jesruiz@correo.es;08/07/1994;8;463;75;17878
379;María Carmen;Pérez;González;M;46912729C;Paseo Polinización 37, 3º;Madrid;Madrid;28873;669-293-905;917-037-044;m.perez@correo.com;27/03/1940;361;412;30;23044
380;María Ángeles;Rodríguez;Cárdenas;M;80622823A;Plaza Rehabilitación 115, 5º 5ª;Alcobendas;Madrid;28170;656-244-258;912-087-563;mrodriguez@email.es;09/05/1989;241;83;71;19412
381;Dolores;Wu;Pérez;M;41001974N;Plaza Escena Venenosa 35, 1º 2ª;Getafe;Madrid;28179;693-220-926;910-412-455;wu33@mail.com;13/04/1974;96;307;51;19850
382;Esther;Morente;Roldan;M;26672179E;Plaza la Batalla Cauta 138, 3;Madrid;Madrid;28791;606-165-057;915-266-256;morente41@correo.net;30/08/1960;106;244;59;21818
383;Nuria;Martin;Llobet;M;41624555Y;Paseo Conocimiento Veloz 38, 6º;Barcelona;Barcelona;8110;645-551-920;933-494-740;nuriamartin12@email.es;02/02/1987;89;154;99;19227
384;Pilar;Gil;Moreno;M;38820179C;Paseo de  Convalescencia 236, 2º;Barcelona;Barcelona;8967;636-384-321;935-846-006;p.gil@email.com;15/07/1979;135;425;42;24105
385;Francisca;Pérez;De la Iglesia;M;27761481K;Calle Neologismo 190, 2;Alicante;Alicante;3926;683-919-102;964-734-569;fra.perez@mail.com;13/11/1939;200;240;100;17057
386;Juan Antonio;Aguilera;Hernández;H;30101960C;Plaza Ave Verde 196, 3º;Pozuelo de Alarcón;Madrid;28200;671-174-569;919-887-322;jua.aguilera@correo.es;02/11/1969;289;472;62;19625
387;Francisco;Cortijo;Martínez;H;50430493A;Avenida de la Construcción Dulce 52, 5º;Las Rozas de Madrid;Madrid;28766;638-526-589;911-880-273;franciscocortijo@mail.com;19/08/1970;423;17;82;23858
388;David;Martínez;Pérez;H;47083087V;Calle Fotólisis Gentil 226 bis, 6;Cartagena;Murcia;30467;656-097-619;968-601-341;dmartinez@email.com;07/12/1964;369;19;80;16305
389;Antonio;Cámara;Díaz;H;99237948D;Avenida de la Bendición 117, 1º;Alicante;Alicante;3645;641-975-802;966-682-618;antcamara22@mail.net;01/01/2000;432;6;64;18139
390;Carlos;Castells;Melgar;H;25043840Z;Paseo la Placenta Honesta 213, 2º 3ª;Cartagena;Murcia;30351;604-454-071;968-531-543;carloscastells@email.net;28/11/1977;420;437;61;20036
391;Nuria;Ferreira;Palacios;M;01577409T;Calle  Conversación 287 bis, 1;Pamplona;Navarra;31844;602-662-261;948-994-642;ferreira73@correo.com;21/01/1944;128;173;78;23057
392;Dolores;Rodríguez;Macías;M;47756741R;Avenida la Recepción 272, 4º 1ª;Sanlúcar de Barrameda;Cádiz;11235;641-737-739;956-377-641;rodriguez87@mail.com;20/08/1978;171;399;56;16490
393;Manuel;Vera;Lamas;H;13610238B;Avenida Omisión 200, 1º 2ª;San Vicente del Raspeig;Alicante;3376;613-568-090;965-888-230;m.vera@email.com;14/06/1977;445;272;86;17667
394;Juan Manuel;Abad;Cabrero;H;61737453W;Calle Transformación Responsable 94, 5º;Santa Coloma de Gramanet;Barcelona;8639;605-116-710;938-764-260;juaabad62@correo.es;14/01/1967;232;35;75;24944
395;Diego;Alvarado;Lozano;H;59432725N;Plaza  Cibernética Arriesgada 275, 2;Córdoba;Córdoba;14094;666-886-600;957-798-226;diealvarado@email.es;04/10/1938;376;85;71;17980
396;María;Mayo;Romano;M;79546475D;Avenida el Hallazgo 144, 6º;Barcelona;Barcelona;8679;600-913-963;933-799-993;mayo21@email.net;05/03/1936;301;28;97;19233
397;Javier;Paredes;Gálvez;H;02409544H;Plaza la Sílaba Persistente 235, 3º 1ª;Cádiz;Cádiz;11266;623-778-304;956-499-976;jav.paredes@correo.com;11/02/1942;276;489;62;18983
398;María Concepción;Belmonte;Hernández;M;05803612E;Paseo Amstrong Fácil 38, 6º 6ª;Utrera;Sevilla;41333;619-152-673;954-387-440;marbelmonte36@mail.es;22/02/1945;217;495;75;23516
399;María Dolores;Escudero;Costas;M;03727974L;Paseo Servicio Lento 292, 1º;Alcalá de Henares;Madrid;28987;650-104-120;918-601-736;marescudero@mail.es;31/12/1938;200;92;63;15182
400;Rocío;Pérez;Álvarez;M;82162165R;Avenida de  Fábula Artística 242, 2º;Las Palmas de G. C.;Las Palmas;35094;603-651-626;928-281-929;perez47@email.net;10/01/1958;181;223;86;23576
401;Carmen;Guzmán;Martínez;M;77069710E;Avenida la Acusación Viajera 154, 6;Mairena del Aljarafe;Sevilla;41983;606-691-617;952-888-410;carmenguzman@mail.net;20/12/1985;23;16;53;22708
402;José;Molina;González;H;21894999B;Calle del Saber 39, 3;Sevilla;Sevilla;41647;635-034-687;959-213-560;j.molina@mail.com;25/01/1967;410;124;56;20618
403;María Carmen;Martínez;Sanchís;M;57374481S;Calle Aposición Lista 128, 5º;Madrid;Madrid;28833;630-975-200;910-996-739;martinez66@mail.net;19/03/1943;227;94;100;23229
404;Isabel;Jiménez;Pérez;M;84140878R;Avenida Evolución Veloz 254, 3;Badalona;Barcelona;8522;674-212-232;932-331-015;isajimenez92@mail.net;05/07/1999;469;28;76;20196
405;Juan Carlos;Caballero;Gracia;H;81261429Z;Calle Función Alta 286, 5º;Alcalá de Henares;Madrid;28491;694-376-206;917-078-429;juancarlos.caballero@email.com;15/02/1936;394;29;34;16038
406;David;Gómez;Orts;H;99902238J;Plaza Vellosidad Persistente 180, 6;Bilbao;Vizcaya;48183;660-088-952;949-899-795;davgomez@mail.com;12/03/1985;179;336;83;24189
407;José María;Mateos;Verdugo;H;30905394H;Calle del Concilio Alto 143 bis, 6º;Marbella;Málaga;29220;684-012-610;950-088-590;mateos21@email.es;02/01/1949;137;153;75;16960
408;José Antonio;García;Escudero;H;98090931W;Calle Evolución 165, 3º 2ª;Alcalá de Henares;Madrid;28820;657-880-990;919-206-894;josgarcia69@email.com;08/12/1995;444;406;39;16755
409;Josefa;Fernández;Pérez;M;44568512D;Calle  Bíceps 158 bis, 1;Zaragoza;Zaragoza;50465;672-303-909;976-711-186;josefafernandez@correo.es;18/09/1982;465;341;68;15993
410;Daniel;Esteve;Carbajo;H;06037883S;Avenida Bíceps 23, 2;Baracaldo;Vizcaya;48801;694-689-765;942-378-750;esteve83@email.es;20/09/1959;245;362;92;24086
411;Miguel;Asensio;Martínez;H;08204169T;Avenida el Monohíbrido Santo 59, 4;Torrevieja;Alicante;3171;696-642-210;968-024-385;asensio95@email.com;07/03/1998;96;389;87;24756
412;Francisca;Rodríguez;Casas;M;69627230C;Calle Partenogénesis Luminosa 167, 4;Estepona;Málaga;29402;602-897-464;952-614-437;franciscarodriguez@email.com;13/09/1940;92;35;71;17200
413;Juan Antonio;Marrero;Carrión;H;96956648X;Plaza  Depresión Ansiosa 201, 4º;Mataró;Barcelona;8530;642-965-681;932-419-755;juamarrero18@mail.com;21/04/1986;370;225;52;20992
414;María José;Guillen;Santos;M;48765560V;Plaza Víbora 94, 1º 1ª;Fuengirola;Málaga;29957;623-567-112;950-476-031;mariguillen@correo.com;14/05/1991;287;392;70;16381
415;María Carmen;Castro;Cervera;M;06805197A;Plaza Parábola 270, 1º;Laguna de Duero;Valladolid;47102;642-980-196;983-034-160;mcastro@email.com;14/11/1986;50;411;91;19773
416;María;Gómez;García;M;65193406K;Plaza de la Resistencia 103, 1º 5ª;Marbella;Málaga;29539;689-349-801;956-080-780;gomez74@email.es;12/04/1997;487;2;32;22824
417;Dolores;García;Valero;M;12435269C;Calle Icónico Persistente 236, 3º;Boadilla del Monte;Madrid;28302;658-365-349;910-522-956;dolores.garcia@correo.es;13/12/1953;53;55;75;15290
418;Juan Antonio;Del Rio;Murillo;H;17010899F;Calle  Expresiva Viajera 285, 3;Granollers;Barcelona;8152;653-721-258;933-257-441;de47@mail.com;25/04/1976;387;208;64;16627
419;Carmen;Romero;Da Costa;M;11655476L;Calle  Suciedad 168, 5;Valencia;Valencia;46377;651-528-477;964-061-457;cromero38@correo.com;05/01/1985;293;34;96;17751
420;Manuel;Rojo;Collado;H;78634193E;Calle del Subsidio 35, 6º;Plasencia;Cáceres;10261;623-063-019;927-294-028;manuel.rojo@correo.com;14/10/1950;128;433;42;18103
421;Vicente;González;Carrasco;H;20111742J;Paseo Triptongo Amoroso 143, 4;Hospitalet de Llobregat;Barcelona;8290;618-986-915;930-814-983;vicentegonzalez11@email.es;03/12/1955;29;114;54;17910
422;Sergio;Juan;Gómez;H;52239912N;Calle Astigmatismo 50, 1º 2ª;Barcelona;Barcelona;8346;633-510-963;936-712-281;ser.juan@correo.es;24/07/1937;54;127;30;15441
423;Albert;Pedrosa;Vivas;H;24316978K;Avenida Novela 113, 1;Santa Cruz de Tenerife;S.C. de Tenerife;38380;651-415-490;922-851-556;albertpedrosa24@email.es;17/07/1933;88;175;83;19089
424;María Concepción;Fernández;Carrascosa;M;90584386J;Calle Constelación 164, 5º;León;León;24788;684-335-303;987-140-994;fernandez30@email.net;14/11/1980;41;369;41;15189
425;Carmen;Pascual;Delgado;M;64302751H;Paseo Irregular Simpático 247, 5;Almería;Almería;4604;630-193-253;950-328-576;car.pascual@correo.com;15/06/1934;411;263;74;20613
426;Joaquín;Rodríguez;Ruiz;H;38996908V;Calle de  Consistencia 98, 1º 2ª;Irun;Guipúzcoa;20540;638-669-463;943-806-694;jrodriguez10@mail.net;18/12/1937;426;234;97;17746
427;Dolores;Bellido;García;M;39629852R;Avenida la Investigación 271, 2;Alcobendas;Madrid;28906;681-444-516;916-043-410;dolores.bellido@email.net;27/07/1940;444;11;36;20742
428;Pedro;Briones;Mayordomo;H;57932874Z;Avenida  Adaptación Lista 170 bis, 1º 6ª;Lugo;Lugo;27131;658-909-543;982-965-646;pedrobriones@email.es;09/04/1975;176;404;42;17514
429;Nuria;Pardo;Torras;M;46682633Q;Plaza del Bizcocho 214, 1º 1ª;Onteniente;Valencia;46937;673-508-218;967-493-598;nuriapardo2@correo.es;14/04/1975;327;160;45;24320
430;Joan;Guerra;Seco;H;12109921F;Avenida Cabildo Resplandeciente 182, 3;Madrid;Madrid;28801;620-742-976;913-045-272;joan.guerra@mail.com;16/10/1944;147;73;76;21751
431;Isabel;Moreno;Pastor;M;24200935J;Calle Discípulo Azul 170, 2;Cullera;Valencia;46484;673-836-426;962-098-703;imoreno@email.net;24/03/1950;465;488;54;19352
432;Ana;Sepúlveda;Guillen;M;36040527X;Plaza  Canción 10, 6º 2ª;Molina de Segura;Murcia;30609;689-629-933;968-964-862;sepulveda36@correo.es;04/11/1933;59;149;43;15337
433;María Isabel;Morales;González;M;95387361J;Plaza Hectárea Sensible 159, 2;Olesa de Montserrat;Barcelona;8208;639-279-854;932-534-333;morales61@mail.net;23/04/1948;245;124;38;22695
434;Miguel;Ruiz;Martin;H;56979593Z;Paseo Disciplina Valiente 142, 2;Puertollano;Ciudad Real;13246;647-615-367;926-885-877;m.ruiz@email.com;02/10/2000;92;346;52;23020
435;José Manuel;Pérez;Nieto;H;56440040H;Avenida de  Medieval Nuevo 9, 1;Madrid;Madrid;28989;613-265-297;917-782-210;josperez@email.net;14/12/1968;140;335;53;21239
436;Ana María;Alves;Navarro;M;37576314H;Avenida Axioma Sonoro 268, 3º;Zaragoza;Zaragoza;50449;638-296-002;976-626-040;alves67@email.com;13/11/1951;228;332;68;19617
437;David;López;Morcillo;H;63188147V;Avenida  Enseñanza 71, 5;Madrid;Madrid;28836;619-109-821;915-244-628;david.lopez@email.es;27/12/2000;52;218;68;15006
438;Luis;Chinchilla;Jiménez;H;58337968D;Paseo Erlemeyer Blanco 19, 2º 3ª;Madrid;Madrid;28579;607-363-054;918-808-650;lchinchilla@correo.net;12/05/1952;232;181;77;18511
439;Pablo;Moral;Pérez;H;00279391X;Paseo de la Conciencia 248, 2º;Madrid;Madrid;28741;613-457-826;917-110-705;pmoral73@email.com;03/04/1949;259;319;88;15227
440;Laura;Tamayo;Montilla;M;33969033B;Avenida de la Sinalefa Amorosa 212, 3º;Tarrasa;Barcelona;8536;644-180-988;938-745-870;lauratamayo@mail.com;15/03/1941;122;211;100;23827
441;José;Yang;Serrano;H;25507540B;Calle de  Fabricación Artística 74, 6º 4ª;Elche;Alicante;3270;629-139-940;960-982-489;joseyang52@correo.com;25/03/1962;213;489;52;22245
442;Rubén;Gómez;Salvado;H;34345383N;Paseo Inhabilitación Humilde 2, 4º;Telde;Las Palmas;35819;623-375-746;928-223-063;rubgomez32@correo.es;06/12/1980;238;235;95;17743
443;José Manuel;García;Torres;H;09321401F;Plaza de la Aposición 193, 6;Lebrija;Sevilla;41735;646-117-788;952-140-139;josgarcia85@correo.net;24/11/1993;24;436;42;23266
444;Ana María;Pereira;Cepeda;M;89738006X;Avenida Unívoco Grande 50, 4º 3ª;Las Rozas de Madrid;Madrid;28528;679-663-195;910-181-513;anapereira@email.net;10/08/1973;460;151;42;22053
445;Adrián;Almagro;Estrada;H;05609627L;Plaza Ovíparo Prolijo 276, 5;Leganés;Madrid;28693;670-223-709;912-389-759;aalmagro@correo.es;25/06/1967;213;419;68;16180
446;Jorge;Rico;Fernández;H;26502977P;Paseo del Orgánulo 245, 2º 1ª;Bilbao;Vizcaya;48466;669-489-838;945-653-023;rico95@email.net;08/05/1933;266;459;61;16499
447;Leire;Calvo;Rodríguez;M;36469863M;Plaza el Endoplasmático 65, 1º 3ª;Alcalá de Guadaíra;Sevilla;41804;690-634-994;957-326-289;leire.calvo@email.com;06/05/1993;265;211;43;15906
448;Jesús;España;Cuellar;H;52022506W;Plaza Estrella 73, 4º;Valencia;Valencia;46692;682-107-082;968-225-706;jespaña43@mail.es;18/04/1935;150;86;37;18316
449;Vicente;Menéndez;Carrasco;H;43459212E;Plaza la Parsimonia 198, 1;Zaragoza;Zaragoza;50984;698-902-886;976-778-289;vicentemenendez@mail.es;14/08/1959;477;426;53;18723
450;Trinidad;Carrasco;Martínez;M;15655846E;Plaza Calvicie 102, 3;Sabadell;Barcelona;8002;689-520-006;938-838-512;carrasco12@mail.net;21/05/1946;25;268;46;24291
451;María Ángeles;Moreno;García;M;69713793B;Calle Hidrógeno Enfermo 92, 6;Barcelona;Barcelona;8119;653-882-567;931-598-140;mmoreno@correo.com;30/12/1941;138;156;34;17316
452;Ana;Lastra;Beltrán;M;88592345W;Paseo Adicción 53, 2º;Liria;Valencia;46611;692-858-594;964-101-106;ana.lastra@email.net;09/04/2000;104;386;31;21940
453;María Mercedes;Adán;Benítez;M;03076650D;Calle Transpiración Brillante 94, 1º;Salamanca;Salamanca;37031;670-679-705;923-157-948;madan@email.net;14/08/1947;200;164;33;18445
454;José María;Olmo;Gil;H;86361318K;Plaza Vocabulario Fácil 5, 1;Cáceres;Cáceres;10584;669-152-248;927-363-561;jos.olmo@correo.com;08/07/1975;208;32;53;15312
455;Ana;Roig;Valls;M;31809265N;Avenida lo Unilateral 253, 5º;Alcobendas;Madrid;28035;616-921-202;912-615-044;ana.roig@correo.es;20/02/1951;153;104;75;22567
456;Anna;Chaves;Blanco;M;29820661B;Avenida  Enseñanza 78, 3;Pontevedra;Pontevedra;36207;653-718-876;986-428-697;achaves@correo.es;26/12/1958;240;419;89;23982
457;Verónica;González;Sosa;M;31832135C;Plaza Recepción 173, 6;Madrid;Madrid;28940;653-819-093;919-873-009;vergonzalez@correo.es;01/01/1944;493;460;41;17777
458;Paula;Jara;Lage;M;49381351Y;Calle de lo Irregular Venenosa 210, 2º 4ª;El Puerto de Santa María;Cádiz;11190;616-295-817;956-761-938;paulajara@mail.es;20/05/1975;106;333;51;15605
459;Pablo;Salcedo;Marín;H;16794916V;Plaza Objetivo Humilde 104, 4º 5ª;Valladolid;Valladolid;47329;668-454-956;983-449-269;pabsalcedo@correo.es;25/09/1973;0;356;100;16237
460;Andrés;Moran;Vila;H;45528714F;Calle Buscador 283, 6;Madrid;Madrid;28968;683-751-675;913-722-994;andmoran22@email.net;19/06/1998;288;128;61;22793
461;David;Pérez;Da Silva;H;23576742V;Calle  Navegación Humilde 71, 2º;Adeje;S.C. de Tenerife;38977;639-742-126;922-907-049;perez22@correo.net;26/07/1971;412;301;47;16202
462;Francisco;Vilaplana;Gamarra;H;42534510N;Paseo lo Circunstancial Independiente 173, 1º 5ª;Alcorcón;Madrid;28207;666-429-512;910-326-472;vilaplana36@mail.com;10/03/2000;277;283;51;16473
463;María Luz;Justo;Sanabria;M;05734981T;Paseo  Turgencia Sincera 113, 6;Dos Hermanas;Sevilla;41949;611-153-866;954-119-378;marialuzjusto@correo.es;31/03/1936;400;202;87;16889
464;Rosario;Poveda;Gutiérrez;M;61666295Y;Paseo la Acusación 175 bis, 4º 6ª;Granada;Granada;18061;676-891-790;958-442-448;poveda14@correo.net;11/10/1984;314;466;56;16072
465;Alberto;Martínez;Sánchez;H;62550987A;Avenida de la Ausencia Aburrida 276, 3;Barcelona;Barcelona;8841;627-387-195;930-312-816;amartinez89@correo.net;08/09/1958;89;436;52;24829
466;Esperanza;Herrador;Ruiz;M;89920321G;Paseo  Semblanza 205, 3º 2ª;Alcorcón;Madrid;28860;650-050-194;911-952-513;herrador33@mail.com;15/02/1977;79;262;65;22366
467;Óscar;Capdevila;Campos;H;74819415R;Avenida de la Científica Veloz 259, 2º 3ª;Pamplona;Navarra;31399;657-089-895;948-373-610;o.capdevila@correo.net;15/01/1975;31;450;72;20585
468;Cristina;Romero;Aguado;M;48527521M;Calle de la Consideración 129, 5º 4ª;Torrevieja;Alicante;3704;611-694-512;964-332-997;c.romero@email.com;05/06/1942;38;164;81;20652
469;Miguel Ángel;Romero;Pérez;H;82544458B;Plaza Acepción 158, 4º 4ª;Albacete;Albacete;2312;646-899-657;967-965-650;romero32@correo.net;08/06/1955;145;255;45;23591
470;Carmen;Rodríguez;García;M;81469154A;Plaza la Conductividad 98, 1º;Toledo;Toledo;45136;681-882-547;925-778-984;carrodriguez@mail.es;01/11/1933;129;474;73;23336
471;Noelia;Del Campo;López;M;78584568P;Plaza lo Vulnerable Artístico 165, 4º 5ª;Premiá de Mar;Barcelona;8504;649-055-582;933-529-083;nde@correo.es;29/11/1973;72;440;82;18988
472;Juan;Madrid;Monge;H;03640799Z;Plaza Víbora Responsable 30, 2º 5ª;Igualada;Barcelona;8945;612-861-378;934-413-153;juanmadrid@mail.es;30/01/1972;48;227;40;18544
473;David;Portero;Montilla;H;00267564M;Paseo  Canción 18, 2º;San Vicente del Raspeig;Alicante;3937;699-851-719;960-973-301;dav.portero@correo.es;22/11/1981;176;253;58;22277
474;Sergio;Carmona;Molinero;H;08163272C;Plaza de la Concentración Cruel 51, 2º;Tudela;Navarra;31394;616-682-507;948-075-898;sercarmona@correo.es;26/05/1970;270;41;49;19293
475;Francisco;Alba;Osuna;H;44370390D;Plaza la Clavícula Suculenta 33, 3º;Algete;Madrid;28560;642-856-656;918-665-531;fraalba@email.es;15/11/1951;168;383;94;15201
476;Antonio;Prieto;Solera;H;23673894V;Calle de  Entrevista Liberal 22, 2;Elche;Alicante;3508;685-319-587;966-608-438;prieto30@email.net;08/10/1990;229;377;93;23120
477;Javier;Castro;Sánchez;H;09514841V;Calle del Neoclasicismo Resplandeciente 99, 1;Castellón de la Plana;Castellón;12264;619-205-840;964-611-851;jcastro@email.com;24/05/1982;329;460;32;19579
478;Isabel;Vila;Gómez;M;64054438J;Avenida de la Insercción Nueva 230, 2º;Almonte;Huelva;21721;619-526-530;959-110-206;isabelvila@correo.es;24/06/1965;370;495;62;15363
479;Ricardo;Martorell;Salvatierra;H;21393389P;Plaza de  Prehistoria 219, 5º 6ª;Gijón;Asturias;33618;605-383-458;986-419-906;ricmartorell@email.net;07/12/1994;472;494;78;18101
480;Juana;López;Bautista;M;14402364V;Calle  Desvalorización 146, 3;Valdemoro;Madrid;28964;629-298-387;911-393-365;jualopez29@mail.com;31/10/1957;263;411;92;20920
481;Antonia;Montero;Rodríguez;M;15340182X;Calle  Interespecífica 242, 4º;Fuengirola;Málaga;29686;679-352-719;957-322-149;amontero43@email.net;19/05/1986;60;290;97;16103
482;Bartolomé;Fernández;González;H;51239514E;Avenida Bario 4, 1;Puerto de la Cruz;S.C. de Tenerife;38052;614-021-103;922-610-880;barfernandez51@mail.es;30/08/1944;160;129;89;18946
483;Yolanda;Medina;Monfort;M;11790913D;Calle Vivíparo 139, 3º;Vícar;Almería;4044;644-893-874;950-704-249;yolmedina@email.es;01/11/1967;356;363;40;19508
484;Sara;Sánchez;Lujan;M;00506630D;Paseo Constelación Lenta 300, 6º 1ª;Oleiros;La Coruña;15758;622-564-717;981-859-270;sarasanchez89@email.com;17/08/1992;257;485;80;19334
485;Francisco;Ruiz;García;H;41644124W;Avenida Implícito Negro 173, 5º 6ª;Santa Perpetua de Moguda;Barcelona;8918;612-893-759;930-947-433;fruiz81@mail.es;14/01/1992;475;133;89;22522
486;Sergio;Sánchez;Vázquez;H;96033555E;Paseo  Supervivencia Menguante 186, 3;Zarauz;Guipúzcoa;20404;609-276-965;943-910-397;sanchez99@correo.com;02/12/1990;461;390;89;22705
487;Marta;Navarro;Garrido;M;31718291A;Plaza de  Macrométrico Madura 1, 5º;Madrid;Madrid;28144;675-613-149;919-409-603;martanavarro@correo.es;20/12/1959;3;300;60;17134
488;David;Adrover;Abadía;H;67396057P;Plaza Longitud Azul 126 bis, 4;Badalona;Barcelona;8621;621-051-559;939-698-825;adrover32@mail.com;11/12/1977;373;11;63;16788
489;Vicente;Villar;Cano;H;14435191T;Plaza de la Ciencia Verde 22, 4;Ceuta;Ceuta;51239;629-628-256;956-435-455;v.villar@mail.es;20/05/1949;41;368;39;18614
490;Purificación;González;Almagro;M;63027417B;Calle Maleable Lenta 114, 3º;Hospitalet de Llobregat;Barcelona;8884;661-093-280;935-254-704;purgonzalez@email.es;03/02/1957;302;74;34;16690
491;María Luisa;Hernández;García;M;82378427V;Plaza Resolución 236, 6º 6ª;Irun;Guipúzcoa;20513;603-435-482;943-053-542;marialuisahernandez@correo.com;29/04/1933;48;184;78;20155
492;Pilar;Coll;Campo;M;44368325Z;Plaza Vocativo Culto 60, 6;Málaga;Málaga;29783;653-100-398;959-407-091;coll79@correo.net;02/02/1940;106;213;75;17140
493;Montserrat;Ruiz;Álvarez;M;64450858M;Plaza Interespecífica Inteligente 34, 6º 1ª;Villafranca del Panadés;Barcelona;8480;621-724-964;931-712-753;mon.ruiz@email.net;31/10/1969;15;113;66;19454
494;Lucia;Robles;Bello;M;15284288Y;Paseo Básico Responsable 194, 2º;Bilbao;Vizcaya;48179;692-322-709;944-309-650;luciarobles5@correo.com;12/08/1997;374;59;42;15740
495;Ana;Ruiz;Puertas;M;57146242M;Avenida Prueba Sabia 240, 3º 4ª;Valencia;Valencia;46170;607-725-500;966-422-837;anaruiz@correo.net;19/01/1990;113;278;65;20512
496;Antonio;Villalba;Etxebarria;H;69807606F;Paseo el Servicio 44, 1º 3ª;Alcalá la Real;Jaén;23948;633-374-827;953-967-094;antoniovillalba@mail.es;01/08/1970;318;353;32;16614
497;María;Villar;Navarro;M;54202057G;Avenida Carnívoro 109, 3;Zaragoza;Zaragoza;50698;637-378-767;976-297-141;mar.villar@mail.es;12/02/1967;218;48;37;17574
498;María José;Martos;Cordón;M;60606696V;Avenida  Selva 199, 2º;Barcelona;Barcelona;8974;698-184-926;936-225-591;mmartos@email.com;13/12/1946;400;244;42;19352
499;José Luis;García;Córdoba;H;41956972G;Calle de la Resolución Sabia 103, 3;Lérida;Lérida;25626;657-207-097;973-896-973;garcia22@email.com;11/11/1974;309;196;70;15985
500;Mónica;López;González;M;44615335G;Paseo Convexo Sincero 171 bis, 2º 5ª;Madrid;Madrid;28904;640-672-661;919-789-413;mon.lopez@email.es;27/04/1934;202;174;63;21912
501;Francisco;Flores;Pérez;H;49040258A;Paseo el Verbo 194, 5º 2ª;Santa Coloma de Gramanet;Barcelona;8538;600-015-237;939-861-399;franciscoflores@email.es;31/05/1945;481;241;55;15828
502;Jesús;Rosario;González;H;50210038A;Calle la Exhortación 194, 3;Pozuelo de Alarcón;Madrid;28523;652-150-061;911-669-258;jesrosario@mail.com;17/10/1951;402;299;91;20150
503;Francisco;Camino;Hernández;H;96337795H;Calle de  Bizcocho Rápido 233, 6;Tacoronte;S.C. de Tenerife;38587;633-950-391;922-580-470;camino84@email.com;10/11/1952;29;324;79;22454
504;Francisco José;Martínez;García;H;60011903G;Paseo de la Inhabilitación 175, 1º 4ª;Galapagar;Madrid;28906;681-293-238;912-201-979;franciscmartinez@mail.es;20/08/1959;25;263;78;15642
505;Alba;Moreno;Rivas;M;60542915S;Avenida  Capacidad Liberal 254, 4;Santa Coloma de Gramanet;Barcelona;8654;636-216-885;932-857-314;albmoreno@mail.net;15/06/1992;455;152;31;18502
506;Francisco Javier;Rocamora;Silva;H;72815120H;Calle Obediencia Fría 166, 4º;Estepona;Málaga;29800;613-698-385;955-157-039;franciscrocamora@mail.es;22/10/1942;317;35;100;22512
507;Francisco;Pérez;Puente;H;75627552X;Avenida Predación 99, 4;Madrid;Madrid;28112;608-839-383;911-779-723;franciscoperez@correo.com;06/05/1947;195;138;33;21112
508;José Antonio;Contreras;Mayoral;H;87152633K;Avenida Excreción 177, 5º;San Cristóbal de la Laguna;S.C. de Tenerife;38320;611-988-408;922-709-999;contreras80@correo.es;18/10/1938;331;152;42;18857
509;Javier;Carpio;Martínez;H;89757064R;Plaza de  Conjugación Etérea 45, 1;Zaragoza;Zaragoza;50817;647-225-357;976-037-920;jcarpio@correo.net;27/01/1966;293;179;49;16907
510;María Luz;Peiro;Brea;M;38396133W;Calle Conjunción Prolija 286, 1º;Madrid;Madrid;28790;626-308-889;913-236-744;marpeiro85@email.net;18/03/1953;43;46;77;19074
511;Jesús;Pomares;Acosta;H;12480662B;Calle  Inefable 2, 4º;Castellón de la Plana;Castellón;12717;630-707-972;964-422-923;jpomares@email.es;17/06/1970;6;96;46;15339
512;José Antonio;Montesdeoca;Barbero;H;90550511V;Plaza  Lumen 249, 2º 6ª;Gijón;Asturias;33713;655-272-258;987-279-517;josmontesdeoca@mail.net;03/04/1963;103;266;78;18642
513;Irene;Hernández;Pérez;M;44779333N;Paseo Calvicie 138, 1;Petrer;Alicante;3142;676-821-566;961-604-257;ire.hernandez@correo.net;04/11/1959;181;446;50;24632
514;Natalia;Cortes;Cabezas;M;35691087D;Plaza Micrótomo 296, 5º 5ª;Granada;Granada;18383;668-046-538;958-550-834;nataliacortes35@correo.net;02/10/1999;406;81;62;20839
515;Elena;Rodríguez;Pérez;M;23995299C;Calle Congruencia 54, 2;Moncada y Reixach;Barcelona;8139;699-302-889;930-241-321;elerodriguez23@correo.net;12/05/1972;285;248;84;22466
516;Antonio;Rodríguez;Acosta;H;77584954C;Avenida Abreviatura Alta 57, 6;Almería;Almería;4332;680-856-854;950-190-646;a.rodriguez@email.net;28/03/1958;186;385;35;17842
517;María Teresa;Córdoba;Sánchez;M;89304570D;Calle Partenogénesis 237, 4;Vigo;Pontevedra;36418;611-913-404;986-322-629;cordoba13@correo.net;22/12/1984;232;367;99;17657
518;Antonio;Soriano;Romero;H;26371203R;Calle del Abdomen Inquebrantable 246, 1º 1ª;Alfaz del Pi;Alicante;3519;603-394-533;961-006-963;ant.soriano@mail.es;14/05/1995;120;485;41;22834
519;María Carmen;Amador;Sacristán;M;84016332T;Paseo de  Vacío Veloz 83, 1;La Rinconada;Sevilla;41274;684-256-192;957-400-255;mariamador12@mail.net;03/10/1933;98;239;81;21952
520;Pedro;Hernández;Martí;H;18192816T;Calle Inefable 225, 5º 5ª;El Vendrell;Tarragona;43406;615-401-314;977-260-081;phernandez@correo.es;11/11/1956;491;86;52;17501
521;Tomas;Jiménez;Sánchez;H;07591195E;Paseo Predación Aburrida 246, 6º 6ª;Gijón;Asturias;33238;638-112-127;989-345-294;tomjimenez@email.com;01/04/1942;388;21;52;15837
522;María Luisa;López;Paz;M;00569189P;Plaza Celebración 74, 6;Lugo;Lugo;27195;614-253-319;982-098-623;marlopez@email.es;27/04/1939;333;296;69;21095
523;Juan;Pascual;Casero;H;04114344N;Paseo del Recibimiento Difícil 29, 5;Ibiza;Islas Baleares;7002;629-822-598;971-734-994;juan.pascual@mail.com;20/07/1969;21;85;73;20677
524;Emilio;Ibáñez;Caro;H;76209283W;Avenida de la Sucesión 140, 3º 2ª;Granada;Granada;18195;608-446-266;958-644-497;emiibañez@email.net;17/08/1985;128;17;70;23092
525;Rafael;Hernández;Rodríguez;H;19818016C;Paseo del Jilguero 24, 6º;Alcoy;Alicante;3849;607-430-849;968-697-555;rafaelhernandez@correo.com;30/08/1963;72;485;35;23523
526;José;Barahona;González;H;84069774J;Calle del Bípedo Triste 271, 5º 3ª;Azuqueca de Henares;Guadalajara;19702;657-031-249;949-948-885;barahona63@correo.net;20/08/1980;27;451;88;15232
527;Antonia;Mirón;Del Olmo;M;04917156D;Paseo  Fósil Etéreo 211, 1º;Segovia;Segovia;40026;656-046-515;921-073-790;antmiron13@mail.com;05/01/1945;45;337;66;17637
528;Mercedes;Peris;Rodríguez;M;93818731Y;Paseo de  Voluble Joven 203, 3º 5ª;Zaragoza;Zaragoza;50297;610-815-439;976-319-613;m.peris@email.net;27/11/1973;79;317;95;20784
529;Pilar;García;Jordán;M;86460672S;Avenida Transfusión Audaz 188, 3º;Marrachí;Islas Baleares;7624;626-608-922;971-913-755;pil.garcia@correo.es;02/06/1962;311;445;66;22328
530;Pilar;Cerón;Palacios;M;10855110F;Plaza Posesión Buena 96, 4;Redondela;Pontevedra;36536;632-274-675;986-152-881;pilar.ceron@mail.net;27/03/1988;29;236;39;23141
531;Francisco;Medina;González;H;11888352C;Plaza Frase 217, 3;Zaragoza;Zaragoza;50368;674-717-276;976-581-694;franciscomedina@correo.com;19/03/1998;435;225;89;16415
532;María;Martin;Suarez;M;41754210X;Paseo de  Coherencia Blanca 66, 5;Guadalajara;Guadalajara;19549;676-342-832;949-630-016;mariamartin@email.com;06/04/1996;375;215;38;19236
533;Patricia;Solano;Lima;M;41309102K;Avenida Comprobación Suculenta 156 bis, 1º 6ª;Barcelona;Barcelona;8625;616-517-092;938-601-216;patriciasolano50@mail.es;26/02/1962;85;412;48;23655
534;María Carmen;Milla;Andrés;M;13416258J;Plaza de  Clásico Liberal 81, 5º;Camas;Sevilla;41745;682-832-434;951-023-477;mmilla@mail.com;21/08/1956;476;169;64;20554
535;Ana;Báez;Zapico;M;06686339D;Calle Vacuna Interesante 28, 4º 4ª;Mazarrón;Murcia;30463;643-121-399;968-799-027;anabaez86@email.es;11/06/1946;476;61;65;18691
536;Sonia;Jimeno;Pavón;M;50905322C;Calle de  Bióxido Azul 11, 2;Barbate;Cádiz;11214;686-902-436;956-802-637;sonjimeno49@correo.net;23/03/1970;266;125;55;16920
537;Raquel;Jodar;Gil;M;17094510J;Avenida Provincia 206, 5º;Chirivella;Valencia;46975;650-797-376;960-120-721;jodar23@correo.es;23/09/1999;300;98;46;18793
538;Pedro;González;Benito;H;49742524X;Plaza de  Cuádruple Malo 280, 6;Bilbao;Vizcaya;48763;601-787-174;949-176-723;pedrogonzalez@mail.net;18/01/1958;79;304;37;23814
539;María Jesús;Montes;Hidalgo;M;02676674A;Avenida Precipitación 132, 3;Pamplona;Navarra;31892;629-234-526;948-240-415;mmontes@mail.net;23/05/1984;7;84;57;15661
540;Encarnación;Valera;Vila;M;68619343Q;Avenida la Cabeza 114, 4º 3ª;Madrid;Madrid;28890;629-185-210;915-048-718;evalera67@mail.com;11/05/1962;296;305;60;22023
541;Juan;Domenech;Crespo;H;72578391M;Avenida la Bacteria Baja 290, 1;Durango;Vizcaya;48074;651-479-521;945-370-312;jdomenech50@email.net;05/04/1992;134;341;42;23880
542;María Dolores;Fernández;Guerrero;M;22498021L;Calle de la Vellosidad 190, 4º;Santander;Cantabria;39800;670-813-207;942-652-015;fernandez17@correo.com;13/08/1940;109;328;55;23778
543;Laia;Mata;Trujillo;M;93711707R;Avenida de la Aflicción 192, 6;Salamanca;Salamanca;37158;659-932-649;923-394-368;laimata@correo.com;19/06/1971;67;240;99;15410
544;Juan;Orihuela;Moreno;H;00813512W;Calle Disciplina 54, 5;Avilés;Asturias;33741;620-601-444;982-843-296;juanorihuela@email.es;28/06/1975;134;368;93;15267
545;Manuela;Ramírez;Castellano;M;26969652J;Paseo Placenta Hermosa 125, 1º;Calviá;Islas Baleares;7422;601-862-332;971-417-967;manramirez@email.net;13/12/2000;479;127;51;19294
546;María José;Villalba;Silva;M;87380397Q;Calle de  Cabeza Compasiva 177, 6º 1ª;Caravaca de la Cruz;Murcia;30715;667-428-053;968-890-854;m.villalba@mail.es;11/08/1983;41;462;40;18753
547;Ana María;Nebot;Ortiz;M;32671737F;Plaza Centesimal Cortés 62, 1º;Villena;Alicante;3166;687-383-336;966-822-671;ananebot70@correo.es;25/08/1967;84;34;44;22157
548;Alejandro;Serna;Crespo;H;93658323T;Calle Selectividad 195, 1º 6ª;Madrid;Madrid;28442;680-126-721;916-244-389;aserna@correo.com;01/06/1979;152;148;34;24420
549;Marta;Vico;Romero;M;53940835Q;Paseo de la Aristocracia Llorosa 282, 3;Barcelona;Barcelona;8749;618-777-895;937-809-614;marvico12@correo.es;07/05/1982;426;354;58;20640
550;Pilar;Díaz;Castro;M;72913762J;Paseo Monocárpico Cortés 249, 4º 4ª;Lérida;Lérida;25550;697-659-903;973-358-117;pdiaz@mail.com;11/01/1965;36;263;72;24252
551;Jaume;Fernández;Román;H;98201294B;Plaza Precisión 107, 2;Sevilla;Sevilla;41478;627-056-919;950-829-376;jaufernandez@email.com;14/10/1935;138;190;39;24746
552;Montserrat;Marfil;Gómez;M;00019996D;Avenida Constelación Sonora 232, 3º;Santiago de Compostela;La Coruña;15257;635-708-815;981-999-381;montserratmarfil73@correo.com;30/11/1950;370;131;35;20316
553;Teresa;Blanco;Sastre;M;54654274H;Avenida de  Aliteración 241, 1;Madrid;Madrid;28760;613-967-649;912-552-353;blanco87@email.es;06/07/1986;353;411;90;19136
554;José María;Vázquez;Lara;H;46593458N;Avenida Virus 233, 5º;La Coruña;La Coruña;15797;604-859-289;981-203-808;vazquez90@email.net;23/01/1958;411;363;73;21751
555;Ana Belén;Gadea;Torres;M;09748408L;Avenida del Vocabulario Veloz 293, 2º;El Puerto de Santa María;Cádiz;11553;620-573-073;956-678-593;angadea@email.com;02/05/1955;270;417;42;22563
556;Patricia;Martin;Guardiola;M;40604658K;Avenida Abstracto 196, 6º 2ª;Barcelona;Barcelona;8827;605-213-675;935-802-172;p.martin@mail.es;09/02/1987;132;116;59;18536
557;Vicente;López;Pérez;H;98222673T;Plaza Asia 278, 3º 3ª;Zaragoza;Zaragoza;50452;614-467-099;976-357-791;viclopez49@mail.es;23/06/1942;301;114;68;16298
558;Álvaro;Ferreira;Rodríguez;H;97033617K;Plaza  Predisposición Inquebrantable 259, 2º;Madrid;Madrid;28598;604-304-520;916-760-386;a.ferreira@correo.com;31/10/1989;354;59;46;15540
559;Alberto;Martin;Rodríguez;H;33309092D;Paseo Hidrólisis Abierta 102, 5º 2ª;Alcalá de Guadaíra;Sevilla;41630;646-100-692;954-837-326;albmartin@mail.com;18/04/1955;123;256;97;23808
560;David;Diop;Mena;H;14292898P;Calle de  Débil 158, 4;Zaragoza;Zaragoza;50868;633-079-851;976-711-178;d.diop@correo.net;05/08/1933;481;213;45;23635
561;Antonio;García;Navas;H;31245699S;Plaza Acribillamiento 216, 6º;Martorell;Barcelona;8258;631-896-365;930-857-408;garcia28@mail.net;13/11/1968;345;404;68;22977
562;Jesús;Hernando;López;H;69172965M;Paseo Convalescencia Baja 20, 1;Ibiza;Islas Baleares;7805;676-098-111;971-592-126;hernando76@correo.com;29/04/1972;70;317;98;17457
563;José;Martin;Escobar;H;68005336V;Avenida la Fotoquímica 190, 6º;Talavera de la Reina;Toledo;45438;619-276-649;925-624-780;josemartin@email.com;26/05/1934;268;69;65;24810
564;José Antonio;Villalta;Fuertes;H;28383987D;Paseo  Omisión 11, 1;Santa Coloma de Gramanet;Barcelona;8627;605-490-612;936-847-330;josvillalta4@email.net;20/08/1991;380;29;55;17494
565;Inmaculada;Rivas;Rodríguez;M;35690243Q;Avenida Misión Sabia 171, 6;Miranda de Ebro;Burgos;9531;625-414-687;947-408-758;irivas@correo.net;03/02/1946;346;161;66;22870
566;María Carmen;Duran;Castellanos;M;31230435T;Plaza  Predecesor Responsable 224, 2;Coslada;Madrid;28762;676-320-516;916-744-085;mduran@correo.net;22/08/1995;461;137;32;20772
567;Encarnación;Pastor;Rodríguez;M;05795083A;Calle Clásico Alto 220, 2;Sevilla;Sevilla;41559;623-216-275;955-418-393;encarnacionpastor27@mail.com;05/05/1934;363;329;74;16688
568;Laura;Cuadrado;Alarcón;M;16355463W;Paseo Inducción 34, 5º;Zaragoza;Zaragoza;50171;650-560-549;976-122-135;lau.cuadrado@correo.net;05/10/1977;241;374;58;18637
569;Jesús;Calvo;Martínez;H;31414589Q;Calle de  Accesorio 6, 3;Alcalá de Henares;Madrid;28044;641-590-082;917-891-707;jescalvo2@correo.es;11/07/1962;367;154;80;16360
570;José Luis;Torres;Rodríguez;H;29897064P;Plaza Báscula Baja 105, 2º;Málaga;Málaga;29548;619-990-863;958-058-692;jostorres35@mail.net;22/08/1995;434;77;82;24619
571;María Rosa;López;Santiago;M;84716979K;Plaza Básico Bajo 161, 1;Madrid;Madrid;28540;693-952-090;916-205-648;marlopez56@correo.net;01/05/1978;278;255;32;21197
572;Francisco Javier;Rodríguez;Páez;H;89438206S;Avenida la Preservación 146, 4;Cáceres;Cáceres;10947;693-359-970;927-337-016;franciscojavierrodriguez@mail.com;22/09/1990;273;235;39;15615
573;Noelia;Morales;García;M;45241492D;Avenida del Simposio 261, 6º 2ª;Cornellá de Llobregat;Barcelona;8568;673-502-807;939-743-927;morales78@email.es;11/06/1955;99;488;52;16942
574;María Teresa;Palacios;Del Castillo;M;82486590B;Avenida Beneficencia 118, 1º 1ª;Loja;Granada;18343;674-243-318;958-643-792;mpalacios25@correo.net;20/11/1966;429;135;48;24949
575;Ana;López;Albaladejo;M;54838652M;Paseo Verboides 136, 6º 3ª;Gandía;Valencia;46582;695-941-411;963-505-998;ana.lopez@email.net;07/02/1955;231;44;57;24439
576;José Antonio;Sánchez;Quintanilla;H;01556184G;Paseo  Advocación 110, 5º;Alcalá de Henares;Madrid;28562;674-170-480;911-630-345;jossanchez1@email.es;07/07/1978;26;10;33;22245
577;María José;Heras;Blanco;M;25387491E;Paseo Experiencia 256, 6º;Gerona;Gerona;17354;679-529-604;972-169-004;marheras51@mail.es;12/08/1974;126;61;58;15323
578;Montserrat;Solera;Fernández;M;38260525W;Avenida de  Anhídrido 97, 4º;Algeciras;Cádiz;11050;662-984-305;956-684-221;solera40@mail.com;06/01/1946;298;336;43;20289
579;David;Sánchez;Romero;H;52688867F;Avenida el Vestigio 162, 4º 3ª;Santander;Cantabria;39315;616-858-026;942-852-815;sanchez44@email.com;05/02/1977;153;376;38;21347
580;Juan Carlos;Parejo;Padin;H;94233749N;Plaza el Levítico 48 bis, 3º 5ª;Palma de Mallorca;Islas Baleares;7710;640-603-813;971-161-691;juaparejo@correo.net;09/02/1969;245;105;63;23697
581;María;Delgado;Garmendia;M;26337386V;Calle Inefable Resplandeciente 89 bis, 3º;Jávea;Alicante;3468;640-107-945;964-952-907;mariadelgado@email.es;23/06/1959;368;86;65;20450
582;María Carmen;Segura;Nieto;M;64668917R;Plaza del Astronauta 200, 6º;Palma de Mallorca;Islas Baleares;7159;648-236-482;971-350-930;segura79@email.net;26/03/1944;269;289;40;19741
583;María Ángeles;Navarro;Torres;M;36304134Z;Paseo la Sabiduría Interesante 272, 2º;Castellón de la Plana;Castellón;12675;672-376-685;964-935-714;navarro45@correo.es;19/06/1963;403;328;49;22887
584;Ana María;Fernández;Ballester;M;41961677V;Paseo Invasor Grande 252, 3º;Madrid;Madrid;28655;684-311-503;919-166-947;anamaria.fernandez@correo.es;19/03/1951;368;64;32;23176
585;María Carmen;Arroyo;Macías;M;96851394G;Paseo Babilonia 172, 1º 5ª;Navalcarnero;Madrid;28248;668-366-394;912-447-600;mariarroyo31@mail.com;16/10/1942;378;192;79;20580
586;José Antonio;Jiménez;Cortijo;H;31481256Y;Calle el Orgánulo Deportivo 159 bis, 4º;Mataró;Barcelona;8576;616-698-836;934-753-052;josjimenez@email.net;18/01/1979;362;40;43;15121
587;Manuel;Muñoz;Fabra;H;32465212E;Paseo Convexo Verde 92, 2º;Valencia;Valencia;46663;600-055-986;968-403-328;man.muñoz@email.net;09/06/1950;380;1;72;23419
588;David;García;Pérez;H;58379459P;Avenida Esencial Sensible 199, 4;Valencia;Valencia;46238;605-487-259;961-060-810;garcia39@correo.com;06/10/1949;212;327;58;23453
589;Juan Carlos;García;Peris;H;31529330X;Calle Delgadez 224, 5;Madrid;Madrid;28300;619-008-923;914-209-755;garcia34@email.net;17/09/1968;337;405;47;24100
590;Marta;Paris;Díaz;M;08313194M;Plaza Escenografía 199, 2º 2ª;San Sebastián;Guipúzcoa;20961;640-455-307;943-393-500;mparis@mail.com;13/01/1949;102;340;72;23303
591;Dolores;Sales;Iglesias;M;60573796F;Paseo lo Hervido Humilde 151, 5;Viladecans;Barcelona;8208;628-667-188;937-991-687;sales31@mail.es;22/11/1953;434;233;93;21973
592;Rosa;Oller;Sempere;M;38352207Y;Paseo de la Resistencia 116, 5º 5ª;Palma de Mallorca;Islas Baleares;7088;651-795-818;971-568-550;rosaoller58@mail.es;23/04/1991;462;170;32;15735
593;María Isabel;Ndiaye;Jareño;M;04304078L;Paseo Capilaridad 40, 1º;Alcorcón;Madrid;28802;600-250-548;914-407-414;mariaisabel.ndiaye@email.com;08/07/1984;8;256;81;17076
594;Josefa;Sureda;Platero;M;52913899F;Calle el Exilio 224 bis, 4º 5ª;Madrid;Madrid;28345;686-449-558;912-144-455;josefasureda68@email.com;24/11/1994;266;348;78;20414
595;Josefa;Díaz;Iglesias;M;00616078T;Calle  Dibujo Enfermo 121, 6;San Antonio Abad;Islas Baleares;7408;630-560-982;971-081-604;diaz87@mail.com;25/10/1956;351;295;83;19329
596;Juan;Requena;Blanco;H;65619236Y;Plaza la Partenocarpia Enferma 43, 2;Elche;Alicante;3706;674-120-699;966-156-425;juan.requena@mail.es;17/07/1992;165;74;61;16417
597;Alejandro;Marques;Abril;H;46858906V;Paseo  Origen Joven 290, 2º 4ª;Madrid;Madrid;28101;606-211-715;914-464-687;amarques59@mail.net;29/09/1937;397;93;99;23181
598;Vicente;Caballero;Sánchez;H;83044836R;Avenida de  Hallazgo 257, 5;Cambre;La Coruña;15904;665-941-492;981-990-662;vicente.caballero@correo.net;09/11/1978;465;231;63;22048
599;Concepción;Arenas;Montesdeoca;M;10487944J;Paseo de la Traslación Cruel 163, 4º 2ª;Santa Coloma de Gramanet;Barcelona;8631;649-321-759;934-061-896;arenas31@email.es;19/04/1953;485;177;100;18526
600;María Carmen;López;Tudela;M;18488955Z;Paseo Víscera 112, 4;Sevilla;Sevilla;41684;694-088-381;953-512-877;mlopez26@mail.net;08/10/1955;0;387;96;24836
601;María Ángeles;Hernández;García;M;04244890X;Paseo Omnisciente 289, 4º 4ª;Santander;Cantabria;39252;640-117-803;942-866-608;mariaangeles.hernandez@email.net;23/09/1936;16;184;48;24873
602;Carmen;Díaz;Alba;M;01651832H;Avenida del Abastecimiento Ansioso 235, 2º 3ª;Madrid;Madrid;28333;675-566-085;918-265-649;car.diaz@correo.es;17/01/1940;113;423;75;18904
603;Ana;Corral;Sánchez;M;47967995T;Calle Evolución 91, 1º 6ª;El Ejido;Almería;4569;639-232-270;950-621-089;ana.corral@correo.es;14/02/1970;358;276;72;23544
604;Carmen;Bayón;Vidal;M;12792785R;Calle del Octosílabo Bonito 61, 1º;Esplugas de Llobregat;Barcelona;8754;686-831-286;934-312-845;carbayon@email.com;09/04/1969;426;185;49;16232
605;María Luisa;Becerra;Martin;M;98857819R;Paseo del Omnisciente Difícil 161, 1º;Redondela;Pontevedra;36381;670-025-909;986-043-743;mar.becerra@email.es;10/05/1963;374;157;98;18268
606;Francisco;García;García;H;61406155L;Avenida de la Transfusión 59, 2º 1ª;Maracena;Granada;18400;643-384-286;958-619-082;fgarcia@email.es;28/05/1942;487;374;85;15704
607;Mercedes;Torrejón;Cristóbal;M;17956196G;Paseo de la Connotación Inteligente 223, 3;Barcelona;Barcelona;8458;627-261-460;933-974-540;mercedes.torrejon@email.es;14/08/1985;246;353;54;17365
608;Ramona;Arribas;Romero;M;12658629G;Paseo Actitud Estricta 54 bis, 2;Madrid;Madrid;28205;680-828-898;912-676-858;rarribas@email.com;20/10/1942;488;109;35;21159
609;Francisca;Arenas;García;M;23407876V;Calle Absorción 211, 3;Algete;Madrid;28736;600-971-807;911-442-332;arenas100@email.es;06/11/1968;486;253;45;24238
610;Ángel;Fuentes;Herranz;H;13287409X;Plaza  Lisosoma Listo 9 bis, 4;Zaragoza;Zaragoza;50536;680-878-929;976-942-921;afuentes@correo.es;14/04/1992;130;232;73;20924
611;Enrique;Pastor;Montoro;H;20778649N;Paseo Advertencia 241, 3;Madrid;Madrid;28507;607-602-541;912-777-645;epastor@mail.net;18/02/1979;69;304;65;16107
612;Ana María;Cobos;Del Pozo;M;74623618A;Plaza Incisión Estudiosa 291, 5º;Tres Cantos;Madrid;28904;601-354-437;914-789-920;anacobos@mail.com;27/12/1981;364;125;41;21409
613;Iván;Pereira;Villanueva;H;02606972Z;Calle la Jurisprudencia 116, 6º;Alcalá de Henares;Madrid;28414;690-604-823;917-503-872;ipereira@mail.net;16/01/1957;138;50;95;18057
614;Manuel;Silva;Martin;H;38987735K;Plaza la Abdicación 137, 4º;Alcorcón;Madrid;28442;678-843-495;915-380-214;manuelsilva51@correo.es;21/05/1933;29;181;60;23530
615;María Dolores;Pérez;Navarro;M;79286103C;Plaza de  Intraespecífica 208, 2º;Granadilla de Abona;S.C. de Tenerife;38657;665-481-709;922-537-859;perez26@correo.es;08/10/1939;45;488;100;21416
616;Ana María;Rubio;Ortega;M;65012648C;Calle Concilio 164, 3º 6ª;San Cristóbal de la Laguna;S.C. de Tenerife;38773;697-484-381;922-133-971;anarubio14@correo.es;12/08/1948;332;197;98;24400
617;Luis;Fernández;Echevarría;H;70882063L;Avenida Verbo 141, 6º 5ª;Bilbao;Vizcaya;48785;698-565-844;943-429-620;luifernandez85@correo.net;25/10/1998;164;234;63;21064
618;María Carmen;Martí;García;M;71394825L;Plaza de la Sublevación Inquebrantable 55, 5º;Hospitalet de Llobregat;Barcelona;8080;642-882-221;932-504-605;marti59@email.net;08/06/1988;30;126;78;17854
619;Adrián;Martínez;Méndez;H;78919066V;Calle de  Coordinación 259, 4º 4ª;Madrid;Madrid;28107;642-296-795;919-830-257;amartinez69@email.net;03/12/1968;78;72;68;22746
620;Sergio;Sacristán;Romero;H;78370590E;Plaza de  Omnisciente 93, 5º;Elche;Alicante;3088;665-583-080;969-542-156;s.sacristan@correo.net;26/03/1949;491;279;75;23772
621;Francisco;Nogueira;Liñán;H;24690712M;Plaza Bimestre 37, 5º 4ª;Barcelona;Barcelona;8296;644-568-527;931-999-396;fnogueira@mail.com;12/02/1936;434;107;76;23485
622;Fernando;Ballesteros;Ugarte;H;12738133C;Paseo el Abraham 11, 2;Maracena;Granada;18274;605-850-741;958-783-087;ferballesteros@mail.es;26/01/1946;88;297;61;16777
623;Alejandro;Báez;Sánchez;H;69384774F;Avenida Ionización 32, 3º;Madrid;Madrid;28810;606-066-820;918-223-180;abaez@mail.net;10/04/1979;183;194;100;24880
624;Cristina;Martínez;Gómez;M;72949277Q;Plaza  Carnívoro Eficiente 87, 2º 1ª;Cáceres;Cáceres;10075;643-567-626;927-872-150;c.martinez@correo.net;16/11/1972;113;194;35;24877
625;Francisco;Cabo;Agudo;H;63479749W;Paseo de  Anverso 14, 5º 4ª;Sevilla;Sevilla;41033;698-499-216;957-814-238;fcabo@correo.es;10/03/1980;35;184;70;22668
626;Concepción;González;Dueñas;M;32120420T;Calle de la Representación 18, 1;Palma de Mallorca;Islas Baleares;7228;636-616-454;971-476-558;congonzalez@mail.com;23/07/1962;450;48;58;15554
627;José Antonio;Andreu;Martínez;H;61180476Q;Plaza Residencia 274, 5;Sevilla;Sevilla;41778;658-870-457;956-625-765;andreu46@mail.net;28/05/1975;98;445;90;16862
628;Silvia;Ponce;Burgos;M;40936033N;Avenida  Adversidad Difícil 26, 3º;Esplugas de Llobregat;Barcelona;8034;619-229-526;933-523-757;silponce@email.com;14/04/1941;239;87;70;19703
629;Carmen;Segura;Pérez;M;61315713J;Plaza Báscula Humilde 246, 1º 2ª;Caravaca de la Cruz;Murcia;30580;694-217-703;968-041-681;csegura@correo.com;10/08/1969;447;199;78;24256
630;María Teresa;Ballesteros;García;M;34328039X;Avenida Discípulo Rápido 163 bis, 4º;Zaragoza;Zaragoza;50013;684-928-084;976-817-479;mariateresaballesteros11@mail.es;27/12/1972;117;460;66;16325
631;Manuel;Alonso;Luis;H;85911526V;Calle de  Adversario Cómico 80 bis, 6º 5ª;Vigo;Pontevedra;36661;633-549-732;986-998-521;m.alonso@email.com;11/11/1961;298;320;82;21042
632;Carlos;Gutiérrez;Velasco;H;21962465H;Paseo Hidrofílico 37, 6;Valencia;Valencia;46404;662-177-796;963-068-688;carlosgutierrez70@correo.com;16/10/1935;68;482;96;19951
633;Ángel;Concepción;Ramos;H;28027344G;Plaza  Intervención Gentil 30, 2º;Sevilla;Sevilla;41970;638-061-078;952-457-887;angelconcepcion@mail.net;14/11/1935;483;309;32;20221
634;Manuel;Mejía;Moyano;H;22747620E;Calle de la Navegación 120, 5º 2ª;Cornellá de Llobregat;Barcelona;8184;632-719-001;935-960-230;manuel.mejia@email.com;28/11/1950;109;104;50;19700
635;Rosario;Merino;Martin;M;57048376G;Avenida Accesible 199, 2;Olot;Gerona;17712;609-554-496;972-586-739;rosmerino50@mail.es;01/05/1963;6;68;100;16451
636;Marina;Calvo;Cuevas;M;28303508F;Plaza Centímetro 142, 3º 2ª;Murcia;Murcia;30167;645-271-045;968-244-229;marcalvo@mail.es;21/03/1998;225;395;51;19263
637;Juan;Romero;López;H;78716187K;Calle Tubérculo Negro 75, 2º;Oleiros;La Coruña;15448;683-140-044;981-727-655;romero68@correo.net;30/05/1996;495;281;63;24770
638;Daniel;Vidal;Montero;H;15543990S;Avenida  Símbolo Lloroso 193, 2º 2ª;Elche;Alicante;3764;667-409-869;960-399-672;danielvidal@mail.com;19/09/1969;305;109;55;18540
639;María Carmen;Mateos;Sánchez;M;39750893Q;Avenida  Elaboración 61, 6º 3ª;Valencia;Valencia;46079;665-070-885;964-652-001;mmateos@correo.net;12/09/1970;328;63;45;15173
640;María José;Carmona;Flores;M;57591437N;Paseo Genotipo Joven 122, 1º 6ª;Andújar;Jaén;23051;628-497-096;953-710-104;mariajose.carmona@mail.net;29/04/1945;468;481;87;23673
641;Isabel;Martínez;García;M;52506251B;Avenida la Residencia Estricta 161, 2;Majadahonda;Madrid;28918;637-383-408;912-287-576;isamartinez23@mail.es;23/02/1999;371;302;72;18351
642;Luis;Estrada;Guerrero;H;85044167B;Avenida de  Aristocracia Lista 280, 6;Jerez de la Frontera;Cádiz;11467;604-175-627;956-156-643;estrada25@mail.com;16/04/1937;401;70;38;16940
643;Juan Manuel;Muñoz;Martínez;H;45601792Z;Paseo de  Accesible Simpático 58, 2;Los Realejos;S.C. de Tenerife;38563;627-332-205;922-345-860;juamuñoz26@mail.es;29/06/1997;136;254;33;21321
644;Teresa;González;Pérez;M;98428136G;Paseo  Participación Baja 299, 2;Boadilla del Monte;Madrid;28797;640-614-083;916-908-360;gonzalez92@mail.es;01/01/1966;375;148;84;22312
645;María Ángeles;Jiménez;Otero;M;87000066J;Calle Recepción 113, 6;Vigo;Pontevedra;36356;687-473-886;986-236-113;jimenez98@correo.com;03/03/1948;38;52;47;21305
646;María Carmen;García;López;M;50130163F;Plaza Religión Fuerte 227, 5;Santa Coloma de Gramanet;Barcelona;8396;611-347-361;932-974-750;mgarcia74@email.com;07/05/1948;48;331;48;18495
647;Rafael;López;Quesada;H;55630963N;Paseo de lo Imprescindible Culto 189, 5º 6ª;Getafe;Madrid;28970;670-470-311;912-535-181;rafaellopez@mail.com;21/06/1966;350;251;96;19171
648;Iker;García;Vázquez;H;73484992S;Calle Cautiverio 89, 5;Crevillente;Alicante;3609;664-260-721;969-016-801;igarcia@email.es;02/04/1995;187;6;77;20466
649;Iván;Martínez;Serrano;H;58974758K;Avenida Adjudicación 249, 1;Palma de Mallorca;Islas Baleares;7328;696-165-853;971-203-352;martinez60@mail.es;03/05/1971;333;83;90;24016
650;Pablo;Montiel;Carmona;H;40023096Z;Avenida Plancton 125, 4;San Andrés del Rabanedo;León;24056;697-887-298;987-644-879;pablomontiel@email.es;09/10/1966;4;160;86;16254
651;Miguel;Martin;Jiménez;H;26048404F;Calle de la Nacionalidad 253, 2º;Águilas;Murcia;30045;639-574-940;968-661-048;mmartin@mail.com;28/09/1975;23;409;91;23049
652;Isabel;Crespo;Camino;M;94568068A;Avenida Astigmatismo Malo 150, 1º 3ª;San Cristóbal de la Laguna;S.C. de Tenerife;38226;698-476-378;922-620-962;i.crespo@correo.es;15/09/1975;18;343;51;17707
653;María Mercedes;Moran;García;M;72996862Z;Calle Constitución Fácil 282, 6º 5ª;Madrid;Madrid;28445;680-551-974;913-248-890;mmoran@email.net;18/05/1964;191;54;41;22469
654;María;Roig;Vélez;M;45371316K;Paseo de  Histológico 164, 6º;Madrid;Madrid;28493;684-140-107;919-500-034;marroig@correo.es;01/08/1954;251;178;94;23902
655;Pedro;Rebollo;Martínez;H;53841457K;Plaza Morfología Viajera 297, 1º 1ª;Valladolid;Valladolid;47060;673-678-601;983-245-107;prebollo@correo.net;27/06/1938;2;223;32;15308
656;Daniel;Pons;Font;H;75579218E;Paseo Vestíbulo 89, 6º;Sevilla;Sevilla;41090;602-012-717;958-078-590;daniel.pons@email.es;21/04/1985;198;129;44;22994
657;Roberto;Navarro;Montalvo;H;45274577C;Calle Levítico Venenoso 103, 2º 2ª;Madrid;Madrid;28767;628-273-690;919-006-515;navarro53@correo.net;04/09/1960;46;233;82;19161
658;María Carmen;Mulet;Calvo;M;86377957P;Avenida  Programario Listo 52, 6º 5ª;Pontevedra;Pontevedra;36772;634-201-125;986-109-314;mmulet@email.es;20/07/1956;170;109;67;19891
659;Raquel;Lucas;Rubio;M;16713947P;Calle Frontera 19, 2;Santa Cruz de Tenerife;S.C. de Tenerife;38411;604-377-986;922-692-682;lucas2@mail.com;26/10/1976;112;385;77;23632
660;Diego;Giraldo;Colom;H;24709577X;Calle de  Frontera Respetuosa 93, 6;Santa Coloma de Gramanet;Barcelona;8414;628-832-860;938-775-345;die.giraldo@correo.com;24/02/1955;401;313;32;21742
661;José María;Luna;González;H;37610426K;Plaza Barbarismo 179, 1º 5ª;Zaragoza;Zaragoza;50015;624-824-072;976-116-830;jluna15@email.com;02/12/1957;338;347;33;21788
662;María Amparo;Rubio;Ortiz;M;75921327Y;Avenida Subordinación Cauta 159, 1;Denia;Alicante;3755;679-851-164;963-765-409;mrubio@mail.com;09/05/1937;115;23;79;16661
663;María Teresa;Garrido;Beltrán;M;38101451L;Avenida Herencia 172, 4º 2ª;Sardañola del Vallés;Barcelona;8020;641-445-314;934-883-263;margarrido@mail.es;08/08/1962;104;411;32;19758
664;Francisco;Vázquez;Angulo;H;33177668F;Avenida Hispanoamericano Aburrido 48, 2º 6ª;La Coruña;La Coruña;15696;626-672-273;981-668-559;fravazquez@mail.com;13/01/1991;194;348;94;16932
665;Pilar;Romero;Aguilar;M;29963781W;Calle Fácil Estricto 280, 4;La Estrada;Pontevedra;36664;646-792-898;986-080-746;pilromero20@email.com;01/09/1983;355;367;34;15286
666;Dolores;Gómez;Ruiz;M;64685558J;Paseo  Abovedado Estricto 18, 6º 2ª;Agüimes;Las Palmas;35237;677-893-709;928-132-134;dol.gomez@email.com;19/11/1934;115;290;74;21751
667;Ángeles;Muñoz;Rodríguez;M;12643789E;Avenida de  Predecesor Estudioso 289, 6º;Elche;Alicante;3201;680-240-533;967-630-015;muñoz68@mail.es;16/11/1947;81;248;48;21173
668;Daniel;Díaz;Moreno;H;80600818D;Calle  Lingüística Ancha 109, 3º;Langreo;Asturias;33950;626-822-198;989-660-833;danieldiaz@mail.com;10/04/1935;449;222;60;21612
669;Juan Manuel;García;Batista;H;24729418W;Avenida de  Transpiración Valiente 134, 2º;Aranjuez;Madrid;28376;676-589-988;914-887-412;jua.garcia@email.com;07/04/1964;438;187;44;15002
670;Mónica;Soler;Chaparro;M;78479714B;Avenida de  Pacífico Veloz 136, 2º 5ª;Barcelona;Barcelona;8030;659-253-957;937-697-190;monicasoler@email.net;12/04/1976;426;85;48;17475
671;María Carmen;Álvarez;Martínez;M;36037954J;Avenida  Transfusión Ácida 116, 5º;Burriana;Castellón;12806;662-772-330;964-660-933;alvarez11@correo.es;18/12/1952;89;15;54;17087
672;Juan;Casado;Márquez;H;45939459H;Avenida la Babilonia 77, 2;Mairena del Alcor;Sevilla;41533;608-770-578;951-551-150;jcasado26@email.com;21/08/1960;427;191;50;22838
673;David;Morales;González;H;04911861G;Avenida Callosidad Llorosa 117, 6º;Sevilla;Sevilla;41847;646-964-837;957-922-412;dmorales@email.com;29/03/1995;284;310;33;15082
674;Antonio;Perales;González;H;57166415F;Plaza de  Persistencia Buena 237, 5º;San Juan de Alicante;Alicante;3505;649-565-303;968-358-441;aperales75@correo.es;18/07/1982;179;472;77;24917
675;Francisco;Rodríguez;Carrión;H;81442600Z;Plaza Estratega Enfermo 119, 1;Collado Villalba;Madrid;28141;667-309-168;913-245-544;franciscorodriguez49@correo.net;12/02/1989;339;299;45;18871
676;José Manuel;Fernández;Fernández;H;16140712W;Plaza  Dibujo Blanco 106, 4;Sevilla;Sevilla;41814;671-502-647;957-194-084;josfernandez@email.es;24/02/1996;347;107;37;17469
677;Luis;Martínez;Ortiz;H;00914894T;Plaza Zambullida Aburrida 30, 6º;Puerto del Rosario;Las Palmas;35298;641-567-305;928-129-594;lmartinez@mail.net;08/05/1948;395;426;90;22627
678;Juan;Amat;Hurtado;H;38630156T;Avenida el Invasor Liberal 32, 1;Madrid;Madrid;28082;672-056-667;910-591-843;juaamat@mail.com;25/04/1948;407;242;75;15712
679;José Antonio;Rosell;Gutiérrez;H;31245925B;Plaza  Verboides 215, 2º;Alcorcón;Madrid;28213;605-699-219;915-963-278;jos.rosell@correo.com;02/09/1986;93;140;86;18425
680;David;Rodríguez;Martínez;H;96327275D;Avenida de  Diversión 196, 5º 5ª;Sagunto;Valencia;46345;694-369-471;968-307-009;davrodriguez65@correo.net;29/11/1954;115;154;33;22801
681;María Pilar;García;Gutiérrez;M;96540490Z;Calle de  Reversible 191 bis, 3º 4ª;Barcelona;Barcelona;8616;690-160-039;937-012-342;m.garcia@correo.net;12/07/1960;379;442;82;21738
682;Laia;Santamaría;García;M;09796344T;Paseo Consistencia Responsable 198 bis, 3;Parla;Madrid;28088;678-237-813;917-830-026;l.santamaria@mail.com;03/03/1943;416;396;70;23420
683;Adrián;Hernández;Cerezo;H;59821972F;Paseo Conocimiento 202, 4º;Alcalá de Henares;Madrid;28839;694-767-351;910-864-332;adrianhernandez67@correo.net;27/01/1966;322;84;77;20875
684;Francisco José;Sánchez;Vizcaíno;H;21410945S;Calle Objeto Feo 166, 6º 3ª;Madrid;Madrid;28538;646-880-040;918-438-640;franciscojosesanchez@mail.net;01/08/1955;294;218;85;21171
685;Rafael;Jiménez;Gutiérrez;H;86829318V;Avenida de  Carnívoro Arriesgado 215, 4º;Badajoz;Badajoz;6259;695-588-263;924-840-741;rafaeljimenez5@correo.com;16/12/1961;81;388;56;23949
686;Antonio;Ruiz;Mateos;H;06242787N;Calle Sociedad Caliente 147, 4º 3ª;Barcelona;Barcelona;8141;627-764-774;939-299-788;antonioruiz@correo.net;11/04/1994;114;452;49;18912
687;Teresa;Rodríguez;Peralta;M;58254966Z;Avenida Voluble 50, 6º 4ª;Galapagar;Madrid;28499;666-579-571;914-456-706;trodriguez@correo.net;15/11/1941;101;399;83;24855
688;José Luis;Pérez;Lara;H;67859596M;Avenida Vicisitud 254, 1º 4ª;Benidorm;Alicante;3584;690-801-301;965-939-878;joseluisperez@mail.es;31/07/1974;65;489;33;24535
689;María;Martínez;Páez;M;48839784C;Paseo Servicio Rápido 202, 6º;Madrid;Madrid;28419;699-838-913;910-277-800;mar.martinez@mail.net;30/12/1970;49;279;44;18734
690;Rosa María;Muñoz;García;M;18738845D;Plaza Bulimia Joven 76, 4;Madrid;Madrid;28036;681-500-776;915-860-189;rosamaria.muñoz@mail.net;09/06/1968;151;192;53;18048
691;Juan José;Hernández;Romero;H;79729787B;Plaza  Basílica Llorosa 125, 2;León;León;24496;682-033-764;987-438-291;juahernandez@correo.com;17/03/1961;185;135;37;21819
692;José Luis;García;Rivas;H;00227291M;Calle Beatificación Dulce 110, 5º;Palafrugell;Gerona;17224;615-071-482;972-696-943;garcia92@mail.net;05/05/1964;144;434;45;20615
693;María Carmen;Camarasa;Rusu;M;39185020N;Paseo el Diptongo 119, 3º 5ª;Morón de la Frontera;Sevilla;41556;684-710-789;958-926-677;camarasa80@email.es;06/01/1995;279;473;89;19712
694;Mercedes;Garay;Lobo;M;94833040S;Avenida Azteca 162, 4º;Granada;Granada;18133;666-675-508;958-457-731;mgaray44@mail.net;01/04/1964;342;155;70;16465
695;Concepción;Guillen;Revuelta;M;80406116W;Calle el Simposio Negro 246, 5º;Valladolid;Valladolid;47216;623-793-932;983-426-755;conguillen@correo.es;03/11/1988;271;222;82;18283
696;Juan Manuel;Ferrer;Martínez;H;42786323K;Plaza  Bario Aburrido 110, 1º;Huelva;Huelva;21091;698-426-622;959-088-399;juaferrer93@email.com;05/02/1960;269;290;70;15478
697;María;Arguelles;Fernández;M;21075174K;Plaza  Guía 105, 1º;Orense;Orense;32928;636-689-487;988-581-377;marguelles43@correo.com;13/07/1959;294;185;81;18502
698;Adrián;Pizarro;Alonso;H;91699261D;Avenida de la Comprensión Bonita 256 bis, 1;León;León;24368;621-564-720;987-626-056;a.pizarro@mail.com;21/09/1964;469;395;96;16916
699;María;Diez;Moreno;M;36733343C;Plaza Servicio 295, 4º;Benidorm;Alicante;3521;622-891-286;962-973-258;diez35@email.com;12/09/1962;293;31;41;23901
700;Carmen;De la Fuente;Sanz;M;82115553X;Avenida Fraternidad 73, 3º 1ª;Barcelona;Barcelona;8372;645-748-280;933-936-052;carmendelafuente@correo.com;24/08/1997;71;214;61;23234
701;María Carmen;Robles;Álvarez;M;52006316G;Calle Agilidad Enferma 257, 6º 1ª;Torrevieja;Alicante;3864;650-280-248;960-193-840;mar.robles@mail.es;06/02/1965;64;210;51;20742
702;Francisco;Fernández;Sánchez;H;08885783D;Calle Exilio 160, 6;Torremolinos;Málaga;29342;672-930-659;958-913-949;fernandez79@correo.net;15/04/1939;48;80;58;24448
703;María;Rodríguez;Jiménez;M;75456192T;Avenida Plancton 197, 5;Zaragoza;Zaragoza;50324;686-382-826;976-770-116;mrodriguez81@correo.es;20/02/1948;345;123;93;24801
704;María Carmen;Pascual;Castillo;M;23134061V;Plaza Aflicción 233, 2;Valencia;Valencia;46397;609-118-119;962-960-539;pascual21@email.com;07/08/1996;25;151;75;19722
705;José Manuel;Álvarez;Salvador;H;61250122H;Plaza Prueba Deportiva 257, 5º;Tarrasa;Barcelona;8060;690-849-145;936-455-092;josalvarez61@mail.com;07/05/1984;165;218;94;16080
706;Alejandro;García;Gutiérrez;H;90301375V;Avenida Preservación 185, 1º 4ª;Sevilla;Sevilla;41891;673-866-400;950-050-451;alegarcia85@email.net;16/03/1960;422;47;90;18098
707;Francisco;Suarez;Anguita;H;81709614K;Avenida  Fortuna 75, 4;Manresa;Barcelona;8177;650-592-058;931-249-242;f.suarez@correo.net;27/11/1941;135;58;84;20048
708;Francisco;Rodríguez;Pérez;H;42904249A;Avenida de  Reminiscencia Compasiva 58, 6º;Alcorcón;Madrid;28985;677-686-284;915-793-810;frarodriguez@correo.net;19/08/1945;123;403;74;20855
709;María Carmen;Cebrián;Rubio;M;84857146A;Avenida Audiovisual Albo 203, 4º;Arona;S.C. de Tenerife;38995;627-691-309;922-782-984;m.cebrian@correo.net;16/10/1959;142;9;67;17692
710;Susana;Ahmed;Caravaca;M;79698698H;Avenida de  Improvisación Buena 202, 3;Rentería;Guipúzcoa;20025;659-577-386;943-197-613;susahmed@correo.net;24/12/1975;390;371;54;17737
711;Miguel;Pozo;Lorente;H;79004303Q;Plaza de  Híbrido Serio 258, 1º 3ª;Sant Cugat del Vallés;Barcelona;8282;684-438-883;934-752-397;pozo99@email.net;25/01/1963;353;311;92;16009
712;María;Diez;Peñalver;M;29187151J;Avenida de  Gimnasia 6, 5º;Mieres;Asturias;33430;656-410-779;987-983-551;maria.diez@email.net;04/01/1965;342;360;30;18271
713;María Teresa;Cuenca;Antón;M;83789545Q;Plaza Excavación Lenta 11, 5º 6ª;Villarrobledo;Albacete;2541;695-994-740;967-416-315;m.cuenca@correo.es;02/03/1966;472;286;68;22746
714;Francisco Javier;Martin;Hidalgo;H;72831799E;Paseo Actitud Dulce 43, 3º 3ª;Fuenlabrada;Madrid;28230;680-999-949;919-739-335;framartin77@correo.net;14/08/1950;368;358;31;19319
715;Alfonso;Guerra;Dorado;H;12410318R;Paseo de  Cabeza Persistente 284, 4;Madrid;Madrid;28685;688-815-219;919-855-169;aguerra@email.es;07/03/1987;248;200;76;16860
716;David;Segura;Sánchez;H;44637538N;Plaza Maquinaria 214, 6;Gerona;Gerona;17116;667-036-379;972-045-130;davsegura82@mail.es;11/09/1973;152;389;77;23003
717;Raquel;Moreno;Troncoso;M;28063793K;Plaza Vicisitud 152, 1º;Málaga;Málaga;29815;655-543-326;958-008-864;raquel.moreno@email.net;28/08/1956;225;405;65;15734
718;Sara;Montoya;Jiménez;M;19112418Q;Paseo Asunción 1 bis, 4º;Sevilla;Sevilla;41087;648-796-068;952-931-817;montoya1@mail.com;08/06/1993;266;315;99;18638
719;Carmen;Esteban;Esteban;M;25731633S;Avenida de  Autótrofo Azul 250 bis, 6;Vélez-Málaga;Málaga;29204;679-922-226;957-838-774;car.esteban@mail.es;03/05/1946;158;87;36;15118
720;Juan;González;Miranda;H;51221948M;Avenida Adversidad 135, 5º;Alcorcón;Madrid;28029;629-807-611;912-473-326;j.gonzalez@email.com;27/04/1973;37;39;87;16355
721;José Luis;Vázquez;Granados;H;34421940W;Plaza el Plancton 291, 6º 5ª;Madrid;Madrid;28084;692-674-799;914-359-039;josvazquez@mail.com;09/04/1950;189;149;79;16118
722;Manuel;Vílchez;Rodríguez;H;61404645G;Avenida Conciencia Roja 150, 1;Barcelona;Barcelona;8194;658-163-310;938-024-875;mvilchez@mail.com;01/07/1959;449;478;61;19687
723;Carmen;Torres;Graña;M;93776988P;Avenida Egipto 261, 1º 6ª;Murcia;Murcia;30642;688-595-269;968-833-709;torres10@correo.net;15/02/1972;408;380;50;22836
724;Carmen;Ginés;Benítez;M;38845191P;Calle Hidrógeno 69, 2;Los Palacios y Villafranca;Sevilla;41802;629-027-076;957-454-545;cgines@correo.es;28/04/1958;189;420;47;22157
725;Francisca;López;Delgado;M;69636542V;Plaza el Disociamiento Amoroso 266, 5º;Vinaroz;Castellón;12633;684-693-644;964-328-186;lopez73@correo.es;29/06/1950;295;169;82;23209
726;José Antonio;García;Reyes;H;08792586P;Avenida Pretensión 61, 2;Agüimes;Las Palmas;35597;618-494-231;928-594-934;jgarcia@correo.net;04/09/1997;222;282;63;19580
727;Salvador;Barrera;Prieto;H;78900543D;Paseo del Diagnóstico 266, 5º 1ª;Barberá del Vallés;Barcelona;8781;602-000-939;937-180-160;sbarrera@correo.com;05/05/1935;166;50;47;16248
728;Francisco Javier;Marco;Gómez;H;02796900P;Calle Accesible Bondadoso 186, 5º;Valencia;Valencia;46363;661-878-698;968-660-162;franciscmarco@mail.es;26/02/1952;303;477;68;19834
729;Cristina;Rivera;Martínez;M;54381190J;Avenida de  Omnipotente Independiente 10, 3º 4ª;Bilbao;Vizcaya;48759;665-059-191;944-348-157;rivera9@email.com;08/04/1997;328;365;56;23673
730;María Carmen;Bautista;Barahona;M;97095786K;Paseo Avidez 157, 1º 2ª;Santa Coloma de Gramanet;Barcelona;8346;676-653-375;933-983-368;mariacarmenbautista@mail.es;24/11/1953;362;427;60;17085
731;Antonio;Ruiz;Álvarez;H;97402393S;Plaza Lúteo 9, 5º;Novelda;Alicante;3159;657-398-859;965-553-869;ruiz87@email.es;08/07/1964;440;357;58;19941
732;Francisco;Fernández;Ferrer;H;76437863P;Avenida Preservación Alta 249, 4º;Madrid;Madrid;28139;643-043-414;913-700-898;fra.fernandez@correo.com;28/02/1960;495;110;41;15393
733;María;Rodríguez;Rodríguez;M;79336032Q;Avenida del Bíceps 60, 6º;Madrid;Madrid;28609;602-984-021;914-354-007;maria.rodriguez@email.net;31/10/1965;205;215;94;20794
734;Eva María;Rodríguez;Lloret;M;89260248P;Avenida la Absolución 59 bis, 2º;Málaga;Málaga;29627;604-610-545;954-222-452;e.rodriguez@mail.com;04/08/2000;13;46;97;17353
735;Manuel;Corrales;Morales;H;15621982Z;Calle de la Abeja 138, 6;Irun;Guipúzcoa;20972;606-745-195;943-172-617;corrales4@mail.com;31/03/1951;86;135;88;24722
736;Ana;Domínguez;Cantón;M;22964354G;Calle  Objeción 145, 1;Gijón;Asturias;33592;607-652-846;985-535-952;anadominguez69@mail.com;29/04/1993;249;499;92;22425
737;María;Pérez;Gutiérrez;M;99953990S;Avenida Necesidad 284, 3;Gavá;Barcelona;8232;646-662-566;934-069-663;mperez54@mail.es;17/05/1989;439;59;32;18684
738;Esther;Valcárcel;Guillen;M;15466596Q;Calle el Deshabitado 59, 3;Sevilla;Sevilla;41728;627-589-752;952-650-915;estvalcarcel87@email.es;18/01/1990;331;353;90;20532
739;María Carmen;Ruiz;Rodríguez;M;43686117D;Avenida  Astronauta Pequeño 170, 2º;Fuengirola;Málaga;29477;686-387-810;952-653-124;mruiz@email.com;14/10/1991;435;413;33;16407
740;Catalina;Cordero;Alcaide;M;44757474A;Paseo Expulsión Sincera 184, 1º 5ª;Málaga;Málaga;29342;642-909-087;950-083-183;cordero57@mail.es;26/08/1974;442;130;67;15419
741;Rosario;Hernández;García;M;35991356J;Plaza Inducción 40, 6º;Tarrasa;Barcelona;8511;644-866-084;939-600-624;roshernandez@email.es;10/11/1937;64;30;56;22670
742;Susana;Gómez;Sabaté;M;91414414V;Paseo la Sílaba 149, 6;Santa Cruz de Tenerife;S.C. de Tenerife;38114;656-121-662;922-276-869;s.gomez@email.com;20/05/1951;42;500;33;18835
743;Isabel;Garrido;Serrano;M;94198690M;Calle Existencia 114, 2º 3ª;Madrid;Madrid;28206;661-977-411;917-906-325;isagarrido26@mail.net;17/09/1972;205;442;57;24239
744;Daniel;Reig;Espinoza;H;26487590P;Calle Trascendental Hermoso 255, 6;Madrid;Madrid;28413;668-490-594;915-406-742;d.reig@correo.es;19/03/1957;277;60;33;20913
745;Paloma;Hidalgo;García;M;71703738L;Calle Autarquía Fuerte 281, 3º;Las Rozas de Madrid;Madrid;28489;664-810-980;919-895-799;hidalgo49@email.net;20/07/1971;430;139;42;21070
746;Óscar;Quintero;Conesa;H;31591021S;Calle lo Verboides Compasivo 104, 1º;Ingenio;Las Palmas;35312;686-240-989;928-367-747;oscquintero@correo.net;20/11/1994;335;63;100;18708
747;María Jesús;González;Merino;M;51182867R;Avenida la Capilaridad 212, 5;Torremolinos;Málaga;29921;666-436-114;956-794-755;margonzalez40@email.com;18/03/1986;60;239;57;19217
748;Patricia;Rubio;Soler;M;64395491E;Paseo el Comezón 131, 1º;Fuenlabrada;Madrid;28899;623-348-118;917-202-294;patricia.rubio@email.es;24/05/1997;184;349;38;23482
749;Aitor;Gil;Porras;H;20674060G;Plaza de la Abstinencia 81, 2º;Aranjuez;Madrid;28052;607-954-077;913-114-006;a.gil@correo.com;23/07/1986;151;247;84;15059
750;Luis;García;Cortes;H;03167579L;Paseo de  Congruencia 144, 2º;Móstoles;Madrid;28773;609-773-607;910-377-182;luisgarcia@correo.net;22/05/1980;457;48;89;23400
751;Francisco Manuel;Pérez;Álvarez;H;73720099Q;Avenida Reflexión 195, 4º 2ª;Oviedo;Asturias;33057;620-093-864;988-093-530;franciscperez44@email.es;25/10/1982;385;371;87;19481
752;Marcos;Orellana;Pérez;H;16165206R;Calle Parábola 123, 4º 6ª;Barcelona;Barcelona;8017;676-042-260;932-462-763;orellana56@correo.net;03/12/1958;232;25;87;20384
753;Mercedes;Valbuena;Sánchez;M;03799461E;Plaza de  Actividad Cruel 132, 4º 1ª;Conil de la Frontera;Cádiz;11141;661-876-534;956-639-333;mer.valbuena@correo.com;29/07/1953;207;190;89;23048
754;Francisco;Serrano;Sanz;H;93066101M;Paseo de la Abundancia Arriesgada 1, 6º 2ª;Barcelona;Barcelona;8470;689-882-149;938-778-609;serrano20@mail.net;03/03/1975;262;456;85;21792
755;Pablo;Tur;Rodríguez;H;57122177K;Plaza Óvulo 231, 5;Madrid;Madrid;28113;685-187-394;915-089-197;pab.tur@email.es;28/08/1952;206;192;86;19959
756;Jordi;Ballesteros;González;H;31744204H;Calle  Prehistoria 265, 1º;Madrid;Madrid;28929;621-879-740;918-815-762;ballesteros48@mail.com;06/08/1963;428;102;44;15094
757;Antonia;Moreno;Espinosa;M;13902566D;Calle la Zootecnia 247, 5º 4ª;San Baudilio de Llobregat;Barcelona;8456;662-830-957;937-934-775;moreno75@email.es;11/12/1945;46;54;48;20173
758;Jorge;Sainz;Porras;H;83957329S;Paseo Adversativo 37, 4º;Torremolinos;Málaga;29282;652-362-717;954-154-094;jorsainz@mail.net;26/06/1950;344;157;48;15522
759;Antonio;Del Val;Fernández;H;19990411F;Paseo Omisión Sincera 70 bis, 1º 5ª;Lalín;Pontevedra;36609;672-686-630;986-627-505;antonio.de@email.es;26/10/1941;265;92;98;22235
760;Ricardo;Barbero;García;H;20200232E;Calle Revisión 212, 3;Madrid;Madrid;28179;690-918-066;919-276-963;rbarbero18@correo.net;30/07/1941;46;444;52;20224
761;Dolores;Morera;Bautista;M;23850318P;Calle el Jilguero 76, 2º;Barcelona;Barcelona;8762;649-649-825;935-156-948;d.morera@correo.es;01/06/1987;10;23;53;23348
762;María Pilar;Jiménez;Alegre;M;12560386V;Calle del Jilguero Gordo 270, 5º;Rentería;Guipúzcoa;20630;605-884-636;943-968-303;mjimenez@mail.com;04/06/1979;5;370;70;19960
763;Mónica;Torres;Lastra;M;25571582K;Calle Capitulación Cauta 95, 2;Orense;Orense;32396;667-659-708;988-129-942;monicatorres17@mail.net;09/08/1946;392;489;39;15976
764;Xavier;Palacios;Fidalgo;H;32272881V;Paseo Admisión Audaz 216, 4º;Santa Coloma de Gramanet;Barcelona;8103;604-133-864;938-767-897;xavierpalacios@email.com;10/12/1971;20;306;38;22859
765;Paula;Jiménez;Hidalgo;M;49039158F;Plaza el Estival Dulce 70, 1º;Soria;Soria;42424;697-447-172;975-147-336;jimenez2@mail.net;03/11/1953;367;204;44;24854
766;Laura;Serra;Gómez;M;73501508V;Calle Exigencia 137, 1º;San Cristóbal de la Laguna;S.C. de Tenerife;38803;653-133-202;922-753-531;lauraserra@email.es;05/06/1975;99;100;78;17649
767;Isabel;González;Martínez;M;97897909L;Calle Programario Nuevo 218, 3;Valdemoro;Madrid;28187;678-252-396;910-503-784;gonzalez14@email.com;28/11/1957;390;101;60;18080
768;Dolores;García;Sánchez;M;86719161F;Paseo Acaecimiento Compasivo 272, 1;Ames;La Coruña;15771;677-488-437;981-046-274;garcia86@mail.es;15/05/1967;145;110;73;21524
769;Maite;Moral;Bravo;M;22900596W;Avenida de la Brevedad Marrón 143, 4º 3ª;Villarreal;Castellón;12318;615-246-422;964-240-372;moral67@correo.es;05/09/1996;362;338;56;23093
770;Jesús;Martin;Ramírez;H;06010377V;Plaza Exhibición Abstracta 238, 6º;Alicante;Alicante;3794;650-447-460;968-756-179;jesmartin@email.net;09/01/1935;258;451;38;24532
771;María;Moreno;Rodríguez;M;30812576M;Calle Agobiante Marrón 55, 6;Badajoz;Badajoz;6256;621-832-855;924-473-944;moreno56@mail.net;20/02/1937;219;224;36;21094
772;María Teresa;Ruiz;Montesinos;M;90267363E;Calle  Religión 69 bis, 2;Cáceres;Cáceres;10944;699-149-742;927-628-356;marruiz@email.net;19/02/1981;1;4;90;15760
773;Juan Antonio;Palmero;Andrés;H;13256252H;Plaza Transferencia 219, 5º;Murcia;Murcia;30432;636-733-141;968-712-215;juanantoniopalmero@correo.net;22/03/1982;86;193;40;22714
774;Enrique;Carrasco;Santamaría;H;13970873Y;Calle  Reserva 150, 5;Vélez-Málaga;Málaga;29610;699-606-591;953-163-082;ecarrasco@email.net;20/04/1938;248;33;30;23336
775;María;Pérez;Canet;M;71602910T;Avenida de  Erosión Malcriada 257, 3º 2ª;Guía de Isora;S.C. de Tenerife;38231;603-073-196;922-703-344;perez59@email.com;31/01/1964;118;195;48;24833
776;María;Garcés;Barrera;M;36784060E;Paseo la Actitud 90, 2º;Esplugas de Llobregat;Barcelona;8680;681-721-764;933-273-346;maria.garces@correo.com;05/08/1935;209;253;63;23541
777;Yolanda;Cruz;Sánchez;M;69646901A;Plaza  Devastación 73, 6;Figueras;Gerona;17182;664-836-376;972-959-557;cruz80@mail.net;04/05/1993;320;487;57;18375
778;María Mar;Granados;Villa;M;84368706Z;Calle Microorganismo Suculento 36, 2º 4ª;Santa Cruz de Tenerife;S.C. de Tenerife;38310;673-241-089;922-324-301;granados4@mail.com;26/05/1969;228;49;43;23232
779;Manuel;Hernández;Macho;H;56073544G;Avenida Preservación Fuerte 288, 5º;Málaga;Málaga;29540;609-669-739;951-022-683;manhernandez@mail.com;14/07/1963;124;204;58;19805
780;Rocío;Mata;Valdivia;M;39416907J;Paseo Anhídrido 210, 1;Burgos;Burgos;9943;634-046-325;947-216-063;mata20@mail.com;25/05/1936;68;413;80;21653
781;Ramón;Hernández;Suarez;H;35828610S;Calle Monohíbrido Etéreo 296, 1º 5ª;Madrid;Madrid;28292;624-815-227;919-159-968;hernandez72@mail.net;18/02/1935;300;92;59;17245
782;Francisco;Rodríguez;Guerrero;H;57333537B;Plaza Responsabilidad Honesta 77, 2º 1ª;Maracena;Granada;18393;677-906-291;958-938-467;f.rodriguez@email.net;21/08/2000;322;317;92;16064
783;Javier;González;Menacho;H;96825454P;Plaza del Asia 167, 6º 1ª;Alicante;Alicante;3788;659-336-121;965-500-969;javiergonzalez@correo.com;10/05/1939;85;310;78;16930
784;Julián;Ferrándiz;Garcés;H;52218282W;Calle Astringente Joven 270, 5;Tarrasa;Barcelona;8877;659-753-179;939-213-978;julferrandiz66@mail.es;02/07/1971;5;468;81;18525
785;Isabel;Díaz;Soriano;M;44374632L;Paseo Frontera Sonora 30, 1;Premiá de Mar;Barcelona;8892;608-225-755;938-025-769;isabeldiaz@mail.net;09/09/1978;391;497;40;15255
786;Francisco;Pina;Mata;H;66552252G;Paseo el Objetivo 4, 3º 1ª;Ceuta;Ceuta;51775;632-257-423;956-774-536;franciscopina39@correo.es;01/02/1935;435;127;91;22880
787;Raquel;García;García;M;67859022Y;Calle Adversativo Rojo 299, 2;La Oliva;Las Palmas;35994;666-665-406;928-012-400;garcia39@mail.es;08/08/1995;304;9;62;16836
788;María Carmen;Losada;Fuentes;M;64907219T;Paseo Partenogénesis Gentil 233, 5º 6ª;Orihuela;Alicante;3482;626-031-061;963-571-463;marlosada@email.com;21/01/1933;259;395;79;17436
789;Roberto;Palacios;Hermosilla;H;80726930N;Avenida Bélico Honesto 14, 3º 6ª;Reus;Tarragona;43194;674-223-833;977-499-580;palacios62@mail.es;24/05/1979;441;390;88;16614
790;Francisca;Martin;Pardo;M;72999600S;Paseo Inducción 96, 4º;Algeciras;Cádiz;11784;648-456-844;956-226-967;fmartin90@mail.net;26/02/1961;180;493;78;24442
791;Jesús;Pardo;Liu;H;55369754Z;Avenida de  Bicóncavo 13, 2º;Gerona;Gerona;17175;687-365-148;972-719-267;jesuspardo@correo.net;12/06/1941;186;419;37;20762
792;José Ramón;González;Fernández;H;72007942W;Avenida Eficiencia 180, 4º 4ª;Córdoba;Córdoba;14544;600-922-555;957-905-998;josgonzalez71@correo.es;30/09/1968;55;406;35;18510
793;Andrés;Puig;González;H;42337005P;Plaza de  Plancton Eficiente 198, 1;Getafe;Madrid;28797;662-970-841;911-220-626;andres.puig@email.net;06/12/1995;448;215;76;21042
794;Roberto;Jiménez;Paniagua;H;58254649L;Avenida de la Absolución 75, 2º 6ª;Murcia;Murcia;30072;633-974-033;968-233-974;robertojimenez80@correo.com;02/11/1941;186;130;45;22317
795;Francisca;Lobo;González;M;31927585C;Calle del Erlemeyer Suculento 78, 5;Parla;Madrid;28640;659-892-975;917-414-914;lobo91@correo.net;23/09/1941;235;86;38;21811
796;Ainara;Blasco;Suero;M;57291338V;Plaza el Ribosoma 77 bis, 4º 6ª;Azuqueca de Henares;Guadalajara;19705;618-328-471;949-272-694;ainarablasco@email.net;31/08/1940;321;13;42;23103
797;Antonio;Rodríguez;Hierro;H;11225105R;Paseo Trascendental 263, 1;Vinaroz;Castellón;12048;677-635-531;964-048-015;arodriguez36@email.com;15/03/1962;226;16;67;18314
798;Ángel;Melian;Asensio;H;79806345W;Paseo la Grandiosidad 68, 4º 4ª;Barcelona;Barcelona;8368;600-523-368;932-017-240;amelian24@mail.es;18/08/1946;85;219;100;24588
799;Carmen;Rivas;Sánchez;M;92911843P;Avenida Turgencia 290, 1;Sestao;Vizcaya;48133;647-424-483;943-844-088;carmenrivas@mail.com;30/06/1950;459;93;34;15655
800;Dolores;Martin;González;M;63669469H;Avenida Habitación Ancha 296, 2º;Rota;Cádiz;11696;605-084-503;956-336-420;martin93@mail.net;12/10/1959;258;314;78;23810
801;Isabel María;Carreras;Vázquez;M;83626765F;Plaza Agobiante 5, 6º 5ª;Aranjuez;Madrid;28037;660-212-542;916-487-509;icarreras@correo.es;15/05/1961;399;323;56;21147
802;Concepción;García;Puente;M;96550944A;Avenida la Sílaba 69, 1º 1ª;Estepona;Málaga;29411;644-328-361;958-862-819;con.garcia@email.es;30/09/1933;35;402;56;20091
803;Marta;Vaquero;Medina;M;16874028D;Avenida de  Selección Cauta 110, 1º 2ª;Gijón;Asturias;33191;652-154-244;988-192-693;marvaquero@email.com;02/01/1935;37;170;100;18507
804;Fernando;Toledano;Martos;H;15425368G;Avenida Envoltura 25, 5º;Narón;La Coruña;15434;600-914-014;981-992-503;toledano40@email.net;06/03/1988;344;154;88;18989
805;Esther;Gámez;Romero;M;54987142F;Plaza de  Hispanoamericano 130, 4º;La Línea de la Concepción;Cádiz;11848;676-613-362;956-009-735;egamez@email.net;08/12/1944;426;51;31;15658
806;Ramón;Fernández;Liu;H;73971512Q;Plaza de  Aseverativo Prolijo 238, 5º;Níjar;Almería;4035;692-746-951;950-207-126;ramfernandez21@correo.com;14/08/1959;116;248;88;19652
807;Elena;Castellano;Ramírez;M;32704800L;Plaza Concepción 278, 3;Valencia;Valencia;46450;694-660-626;961-525-979;elecastellano@correo.es;27/01/1966;338;94;96;16951
808;Rafael;López;García;H;44272837E;Calle la Sociedad 286, 2;Barcelona;Barcelona;8699;649-000-051;935-672-173;rlopez@correo.com;02/07/1942;190;141;42;16960
809;Andrés;Trujillo;González;H;69355772P;Calle de la Bulimia 157, 5;Coslada;Madrid;28781;645-834-678;918-275-078;trujillo59@mail.com;29/05/1956;280;353;87;15249
810;Josefa;Blanco;Crespo;M;59278961A;Avenida Gimnasia Valiente 90, 4º 5ª;Madrid;Madrid;28409;643-575-266;916-923-673;josblanco@correo.com;24/05/1953;240;429;100;22568
811;María José;Gil;Vera;M;06950821Z;Calle de  Exclusión Inteligente 60, 1º;Madrid;Madrid;28680;637-756-085;915-202-963;mgil@correo.net;21/08/1967;484;107;93;21592
812;Isabel;Martin;Macías;M;77266741N;Calle Semblanza 190, 6º 1ª;Santurce;Vizcaya;48488;629-570-641;942-878-246;isamartin@mail.net;21/07/1989;291;243;31;22632
813;Ana;García;Sánchez;M;55988909D;Plaza Morfología 93, 5;Madrid;Madrid;28178;610-036-920;918-814-229;ana.garcia@correo.es;16/09/1987;353;370;65;21192
814;María Isabel;Patiño;Alonso;M;96068688B;Calle Avidez Verde 277, 5º;Roquetas de Mar;Almería;4922;602-303-428;950-050-482;mpatiño@email.net;24/05/2000;62;29;68;24102
815;Carmen;Fernández;Sánchez;M;48773037L;Calle de  Hidrólisis Luminosa 61, 4º 5ª;Barcelona;Barcelona;8432;637-282-208;934-492-027;carfernandez@mail.net;01/09/1955;144;50;40;19951
816;Manuel;Galán;Villanueva;H;00415354C;Avenida el Origen Amoroso 23, 3;Aspe;Alicante;3664;676-053-971;967-131-497;mangalan36@mail.net;29/05/1959;439;374;95;20582
817;Amaia;Ortiz;Valcárcel;M;34746619J;Paseo Lisosoma 247, 5;Granada;Granada;18614;610-208-184;958-375-689;amaiaortiz@email.es;02/05/1986;423;376;100;18601
818;Carmen;Rodríguez;Campo;M;77942061Y;Plaza Vicisitud Aurífera 37, 5º;Badajoz;Badajoz;6641;683-873-240;924-439-160;carmen.rodriguez@correo.net;12/10/1992;418;345;87;23824
819;Antonio;Ramos;Alcázar;H;66463615D;Paseo de  Endocrino Deportivo 52, 4º;Almería;Almería;4612;682-767-919;950-428-886;a.ramos@mail.net;08/02/1972;129;103;52;15455
820;Santiago;Fuentes;Pereira;H;31064468R;Plaza Aristocracia 239, 3;Córdoba;Córdoba;14824;608-099-552;957-776-511;fuentes41@email.es;16/06/1981;172;97;77;15750
821;Mónica;Mateo;Romero;M;62850695K;Calle  Adherencia 215, 1º;Mairena del Alcor;Sevilla;41407;683-189-783;958-416-158;monicamateo58@correo.net;25/09/1996;214;16;55;15267
822;Dolores;Ruiz;Bernárdez;M;23254942X;Calle Precisión 249 bis, 5º;Madrid;Madrid;28932;683-000-776;917-368-174;dolores.ruiz@mail.es;27/07/1996;405;46;41;18040
823;Iván;Linares;Quintero;H;67181343E;Paseo la Exhortación Fría 229, 3;Alcorcón;Madrid;28504;603-469-208;913-524-787;ilinares@email.es;14/10/1993;450;0;60;17965
824;Mercedes;Ruiz;González;M;78662044C;Avenida  Débil Simpático 32, 4º;Burriana;Castellón;12734;679-176-565;964-961-474;ruiz65@mail.es;27/08/1939;234;387;59;20378
825;Julia;Fernández;Martin;M;62513384M;Calle del Vestigio Brillante 293, 1º;Toledo;Toledo;45594;632-676-333;925-037-833;julia.fernandez@email.es;04/02/1976;430;144;85;21218
826;Carmen;Sánchez;Flores;M;49527824S;Paseo  Imprescindible Feo 4 bis, 6º;Gerona;Gerona;17571;651-982-449;972-955-764;csanchez@mail.net;13/10/1991;134;256;96;22360
827;Andrés;Belmonte;Martin;H;75397703T;Paseo Predación 176, 5;Murcia;Murcia;30437;607-797-238;968-521-220;andbelmonte@mail.com;30/09/1953;284;413;41;21568
828;Beatriz;Rodríguez;Cruz;M;90534732Q;Avenida de la Posibilidad Vieja 273, 3;Orense;Orense;32585;650-157-587;988-004-351;rodriguez88@email.es;18/02/1972;241;196;85;24974
829;Ainhoa;Rodríguez;Sánchez;M;21491501W;Avenida  Renacimiento Viejo 135, 3;Zamora;Zamora;49458;659-979-077;980-749-988;arodriguez46@mail.net;06/01/1983;6;105;35;21025
830;Josefa;González;Cifuentes;M;56636399A;Paseo  Voluble 124, 1º;Huelva;Huelva;21297;669-656-576;959-327-618;jgonzalez@mail.com;01/01/1959;307;134;99;24130
831;Ana María;Sánchez;García;M;49496896E;Paseo la Conversión Cruel 206, 1º 4ª;Caravaca de la Cruz;Murcia;30582;641-897-045;968-799-683;ansanchez@correo.net;26/02/1992;373;82;50;22164
832;María;Rubio;Márquez;M;81746601R;Avenida la Selectividad 78, 3;Pozuelo de Alarcón;Madrid;28755;666-674-666;910-180-972;mariarubio@email.net;18/10/1987;298;330;96;18358
833;María Carmen;Salmerón;Miralles;M;52725088A;Calle  Exilio 140 bis, 4º 1ª;Madrid;Madrid;28160;622-771-004;913-747-662;salmeron36@mail.net;20/02/1993;372;447;41;16953
834;María Carmen;Álvarez;Fernández;M;20915489W;Plaza el Perspicaz 4, 2;Lérida;Lérida;25858;611-210-028;973-856-816;alvarez29@mail.com;24/07/1972;425;194;30;19305
835;María;Murillo;Oñate;M;62072793W;Plaza del Ovovivíparo 251, 4º;Rivas-Vaciamadrid;Madrid;28401;658-923-370;915-358-947;m.murillo@mail.net;16/07/1996;346;281;68;19581
836;José Manuel;Vargas;Sánchez;H;60560479F;Paseo  Longitud 38, 6º;Caravaca de la Cruz;Murcia;30227;608-060-278;968-815-775;jvargas@correo.net;22/01/1970;335;126;38;18499
837;Fernando;Galván;Caballero;H;54533554W;Calle del Bullicio Gentil 144, 6º;Mondragón;Guipúzcoa;20573;673-773-439;943-935-361;fgalvan@correo.es;10/11/1998;125;469;55;17498
838;Irati;Pérez;Luque;M;55297085W;Avenida Ausencia Grande 13, 5º;Paterna;Valencia;46260;629-580-483;961-465-473;ira.perez@mail.es;19/08/1973;460;209;89;18318
839;María;Henríquez;Román;M;54184939K;Calle la Probabilidad 289 bis, 2º 5ª;Barcelona;Barcelona;8839;649-046-641;931-926-813;maria.henriquez@email.es;01/12/1938;164;324;91;19839
840;José María;Pérez;Rus;H;22515680Z;Paseo Hecho Serio 103, 2º 4ª;Logroño;La Rioja;26927;694-294-788;941-194-070;josperez@correo.es;13/03/1947;203;119;84;16426
841;Concepción;Andreu;Queralt;M;18219469L;Avenida  Arteriosclerosis Grande 134, 2º;Castelldefels;Barcelona;8178;678-703-502;933-348-011;conandreu65@mail.es;19/07/1935;490;425;94;23367
842;Juan;Delgado;García;H;40849549P;Avenida la Suciedad Pequeña 163, 3º 2ª;Mijas;Málaga;29428;637-631-714;957-263-949;juan.delgado@mail.es;28/04/1975;350;335;90;17482
843;Lucia;Lara;Ávila;M;42511475T;Paseo de  Probabilidad Malcriada 147, 2º 4ª;Barcelona;Barcelona;8379;665-654-973;935-803-738;lara53@correo.net;31/10/1952;39;463;47;24672
844;Vicente;Popescu;García;H;75073856Q;Plaza de  Subsidio Triste 19, 3;Alboraya;Valencia;46900;677-416-562;960-525-042;vicentepopescu@email.net;21/12/1968;152;314;35;20675
845;Manuel;Castaño;Ortiz;H;50074221R;Plaza de la Absolución Enferma 178, 1º 5ª;Barcelona;Barcelona;8377;631-410-155;939-784-025;mancastaño@correo.es;20/04/1982;378;95;52;21145
846;Jon;Royo;Diez;H;05282623Y;Avenida Lúteo Cortés 113, 3º 1ª;Marbella;Málaga;29071;654-946-797;955-434-632;jonroyo@correo.com;18/11/1976;88;51;54;18653
847;Manuel;Sánchez;García;H;29743368K;Avenida Génesis 87, 4;Ripollet;Barcelona;8132;636-495-381;933-818-355;manuelsanchez@mail.net;19/10/1954;106;223;96;15207
848;Carmen;Fernández;Martin;M;26887304M;Calle del Vestíbulo 178, 4;León;León;24256;679-037-146;987-302-554;cfernandez77@email.es;06/02/1994;198;353;39;24639
849;María;López;Molina;M;31447908P;Paseo Sociedad Verde 106, 1º;Badalona;Barcelona;8885;652-344-332;938-360-998;marlopez@correo.net;03/07/1960;473;438;46;19876
850;María Luisa;García;González;M;02755802B;Paseo la Hamaca 72 bis, 6º;Pilar de la Horadada;Alicante;3146;630-494-451;969-928-232;mar.garcia@mail.es;10/01/1954;376;254;73;21369
851;Juan Antonio;Márquez;López;H;97654054X;Paseo Deslizamiento Rojo 81, 6º;Alcalá de Henares;Madrid;28505;650-321-298;919-931-316;marquez37@correo.net;17/12/1960;291;239;65;23341
852;Andrés;Vázquez;Moreno;H;69392021D;Calle de la Fenicia 142, 5;Granadilla de Abona;S.C. de Tenerife;38027;698-659-776;922-372-234;vazquez86@mail.net;14/06/1983;29;306;52;16528
853;Adrián;Zapatero;García;H;06464133Y;Avenida Fenicia Venenosa 175, 1;Alicante;Alicante;3199;666-373-991;968-576-307;zapatero22@mail.com;02/06/1939;182;74;64;17843
854;José Vicente;Rodríguez;Elías;H;23806736B;Calle de  Cuádruple Veloz 190, 5;Málaga;Málaga;29172;609-856-968;956-927-247;josevicenterodriguez@email.net;17/09/2000;78;50;84;20163
855;María;Cortes;Brito;M;19507211Z;Plaza de  Abstinencia Compasiva 209, 6º;Arona;S.C. de Tenerife;38848;637-233-351;922-190-717;cortes3@email.com;10/12/1990;161;105;53;17856
856;Pedro;Menéndez;Gil;H;65246117Q;Plaza Posibilidad 212, 1º;Aspe;Alicante;3682;609-945-000;960-815-438;pmenendez@mail.es;15/02/1976;110;416;59;17472
857;María Ángeles;Hernández;Tejada;M;64983142T;Avenida la Maquinaria Veloz 174, 5º;Santa Lucía de Tirajana;Las Palmas;35624;698-116-761;928-853-817;hernandez74@correo.com;02/05/1999;160;123;68;21995
858;Raúl;García;Vidal;H;64549962W;Paseo Intervención Amorosa 22, 5º;Barcelona;Barcelona;8614;633-219-880;930-312-992;garcia71@correo.es;19/02/1947;256;24;98;18380
859;Rubén;Díaz;Fernández;H;31850217R;Plaza el Discípulo 20, 1º 6ª;Santa Pola;Alicante;3029;687-826-709;965-631-093;rubdiaz@mail.com;13/01/1980;378;227;61;16781
860;Antonio;Pérez;Cuadrado;H;35801967Y;Calle Ortográfico 165, 3º;Valencia;Valencia;46185;600-594-182;966-012-382;antperez41@correo.com;09/03/1960;331;354;81;21698
861;María Carmen;Vélez;Martínez;M;39040852P;Paseo Urbanización Mala 28, 2º;San Feliú de Llobregat;Barcelona;8521;602-437-827;934-997-721;mvelez41@mail.es;02/03/1944;258;317;87;21139
862;Alberto;Jurado;Ramos;H;03080061Q;Avenida Provincia Etérea 262, 6;Huelva;Huelva;21879;640-984-700;959-630-294;jurado7@correo.com;16/09/1950;36;58;43;21751
863;José Manuel;Gómez;Conesa;H;68972368Z;Paseo la Transformación 293, 3º 4ª;Marrachí;Islas Baleares;7286;637-604-386;971-723-894;josgomez@email.com;09/10/1969;98;112;37;15788
864;Carlos;Rial;Segura;H;20697251B;Plaza la Contribución Sensata 212, 4º 6ª;Sevilla;Sevilla;41284;606-603-139;953-671-527;carlosrial21@mail.net;23/02/1964;255;70;60;20337
865;Ángel;Sancho;Núñez;H;73235526F;Calle el Perezoso 141, 3;Valencia;Valencia;46371;683-332-198;966-857-939;asancho@mail.net;20/04/1949;114;263;39;16925
866;Ana María;Guirao;Donaire;M;55291302S;Avenida la Partenocarpia Seria 244, 6º 3ª;Ripollet;Barcelona;8781;688-481-181;939-275-305;aguirao13@mail.es;06/09/1972;291;380;71;22136
867;José María;Rosales;Almeida;H;93733421A;Calle Agilidad 163, 2;Murcia;Murcia;30803;691-613-345;968-177-082;rosales24@mail.es;03/03/1962;408;248;48;23943
868;Fernando;Andrade;Ilie;H;47438977M;Avenida de  Vocativo 98, 3º 6ª;Madrid;Madrid;28801;685-482-019;914-825-692;andrade26@correo.es;28/04/1937;353;442;85;19343
869;Rubén;Fernández;Rivas;H;53145680V;Paseo la Maquinaria Ansiosa 243, 3;Sabadell;Barcelona;8460;696-989-794;936-909-394;rfernandez@correo.es;08/02/1968;405;279;87;16931
870;Natalia;Cuellar;García;M;13982147X;Avenida Audiovisual 238, 4;Alcobendas;Madrid;28046;661-196-131;915-836-870;nat.cuellar@correo.net;24/10/1997;124;42;68;20681
871;Josefa;Góngora;Morales;M;67976372X;Calle Disociamiento Cortés 111, 4º;Melilla;Melilla;52807;641-488-881;955-509-167;josefagongora@correo.net;09/05/1989;179;113;63;18018
872;Isabel;Ramos;Torralbo;M;96760428A;Plaza lo Desastroso 191, 3º;Valencia;Valencia;46416;641-231-064;965-155-542;i.ramos@correo.com;04/11/1945;252;305;61;23667
873;María Teresa;Bautista;García;M;17580336X;Avenida Bienaventuranza Blanca 68, 1º;Fuenlabrada;Madrid;28730;623-972-777;912-006-079;bautista22@correo.es;04/01/1977;295;467;79;18860
874;Rubén;Pérez;Jerez;H;72773930K;Plaza de  Lisosoma Abierto 37, 2º;Málaga;Málaga;29438;643-318-130;953-548-243;rubperez81@email.es;09/12/1976;357;450;37;24524
875;Carmen;Morales;Lloret;M;60743341L;Avenida de la Lingüística 96, 2º 5ª;Villajoyosa;Alicante;3577;656-781-627;962-541-941;carmenmorales98@mail.net;09/11/1980;69;186;40;17366
876;Ana;Gimeno;Martin;M;94582175B;Paseo Sabiduría 126, 1º 2ª;Madrid;Madrid;28186;600-092-540;914-734-505;anagimeno@correo.com;25/10/1969;351;165;95;16795
877;Andrea;González;González;M;23351858G;Plaza Beneficencia 298, 4º 1ª;Valencia;Valencia;46182;688-608-370;961-450-239;agonzalez18@correo.com;25/02/1993;246;321;62;20595
878;Juan Carlos;Lara;Navarro;H;01731491M;Calle el Asia Nuevo 25, 5º 6ª;Móstoles;Madrid;28188;601-900-143;917-354-343;jlara92@email.com;18/01/1980;190;84;99;20587
879;Juan Carlos;Jiménez;Mas;H;85227414V;Paseo del Monocárpico 105, 5;Alicante;Alicante;3468;669-193-681;968-000-691;juajimenez@email.com;15/08/1938;77;155;85;15982
880;Carmen;López;Sánchez;M;00827517T;Calle de lo Maleable Malcriado 218, 3º 2ª;Manlleu;Barcelona;8196;647-512-965;935-020-991;carmen.lopez@correo.es;12/08/1950;195;381;89;21225
881;Ana;Álvarez;Gómez;M;58603365D;Avenida de la Asimilación 248, 4º;Hospitalet de Llobregat;Barcelona;8160;627-611-143;933-088-443;anaalvarez68@correo.es;25/03/1982;361;373;84;22137
882;Antonio;González;Coronado;H;00069844Q;Calle Excelencia 186, 2º 6ª;Badajoz;Badajoz;6787;684-342-593;924-414-220;antoniogonzalez50@mail.es;16/06/1964;183;324;47;24760
883;Carlos;Cordón;Pérez;H;40432212Y;Paseo la Sensibilidad 173, 4º;Palma de Mallorca;Islas Baleares;7873;655-342-472;971-298-591;carcordon@correo.es;03/01/1994;34;499;70;21365
884;Sandra;Bazán;Hidalgo;M;46397780H;Plaza Nucela Cruel 200, 6;Castellón de la Plana;Castellón;12842;603-872-438;964-636-782;s.bazan@mail.com;27/04/1988;3;182;82;22919
885;Ángela;Navas;Vives;M;60569430B;Calle del Endocrino 265, 3º 5ª;Mollet del Vallés;Barcelona;8786;637-023-059;934-396-931;angnavas@email.net;24/12/1939;51;150;72;21812
886;Dolores;Prat;Rodrigo;M;40483157Y;Calle  Hipónimo Abstracto 102, 6º 5ª;Badajoz;Badajoz;6581;632-776-997;924-308-199;doloresprat@correo.net;24/10/1944;451;5;94;22134
887;Jorge;García;Grau;H;77685911F;Paseo de  Icónico Verde 79, 1º;Mazarrón;Murcia;30298;693-304-478;968-959-463;jorgegarcia@correo.com;13/07/1997;490;182;59;22707
888;Sergio;Martin;García;H;65808874D;Calle Objetivo Luminoso 250, 3º;Salt;Gerona;17678;610-234-906;972-609-820;smartin@mail.net;16/10/1993;178;258;87;23009
889;Antonio;Márquez;Cabrera;H;42639768E;Calle la Procesión Sabia 144, 2º;Gijón;Asturias;33557;671-783-775;986-941-283;a.marquez@mail.net;20/12/1958;250;477;77;21857
890;Sebastián;García;Román;H;08084960T;Plaza Advertencia Roja 229, 6º;Arona;S.C. de Tenerife;38962;696-181-296;922-076-196;sgarcia@mail.es;16/11/1958;235;260;33;22927
891;Miguel;Tejedor;Mulero;H;88653607S;Plaza el Endocrino 76, 6º;La Coruña;La Coruña;15247;648-586-467;981-367-528;mtejedor60@correo.com;19/09/1977;226;146;37;21196
892;Yolanda;Vélez;Carballo;M;93583119Y;Plaza Hepático Honesto 99, 5º;Viladecans;Barcelona;8122;657-571-027;930-434-422;velez67@correo.net;17/01/1937;298;394;37;21713
893;José;Rodríguez;González;H;59160925A;Avenida de la Movilidad Artística 136, 3º 1ª;Jaén;Jaén;23794;652-220-900;953-337-183;josrodriguez@email.net;22/08/1954;482;130;40;18962
894;María Carmen;Cabello;Hortelano;M;18416553Q;Plaza del Clavo 8, 2;Lejona;Vizcaya;48328;694-427-591;946-060-142;marcabello75@mail.net;24/03/1953;323;473;73;17348
895;María José;Oliveira;Navarro;M;27995637Z;Calle Monohíbrido Sincero 173, 5º 5ª;Madrid;Madrid;28339;679-577-689;917-754-422;mari.oliveira@email.es;01/10/1997;22;430;76;18707
896;José Luis;Reyes;Serrano;H;12881389D;Plaza Adquisición Rápida 134, 2;Madrid;Madrid;28412;665-905-689;914-221-315;joseluis.reyes@mail.com;08/08/1943;418;124;49;19127
897;José;Mate;Mateos;H;51091817P;Avenida Prueba Hermosa 125, 6º 2ª;Andújar;Jaén;23101;697-107-133;953-403-869;josemate@mail.com;09/10/1961;165;323;86;22484
898;Antonio;Martínez;Muñoz;H;57824908X;Avenida Unilateral Luminoso 37 bis, 5º 6ª;Durango;Vizcaya;48345;616-728-642;949-147-825;antonio.martinez@email.net;03/07/1949;483;495;75;20463
899;Francisca;Gómez;González;M;17211751T;Calle Decadencia Ordenada 17, 3º 4ª;Logroño;La Rioja;26688;600-100-722;941-194-007;fra.gomez@correo.es;26/11/1933;21;146;54;18569
900;Antonio;González;Rodríguez;H;09232929Q;Paseo de la Representación 145, 4º 2ª;Elche;Alicante;3937;652-699-997;967-733-002;gonzalez83@email.es;05/03/1939;52;21;69;21655
901;Carmen;Vílchez;Hernández;M;73971772T;Calle la Abstracción Alba 165, 3;Jaén;Jaén;23734;613-253-594;953-305-090;carmenvilchez@mail.es;26/11/1973;401;383;49;15723
902;Rafael;Giménez;Juárez;H;35793884L;Calle Buscador Abierto 239, 1º;Écija;Sevilla;41947;646-156-343;953-940-957;rgimenez@mail.es;22/02/1954;136;155;88;23682
903;Antonio;Trujillo;García;H;03387378F;Calle Abceso Cruel 138 bis, 3º 1ª;Valencia;Valencia;46426;608-167-928;964-593-817;anttrujillo@mail.es;27/01/1935;30;36;63;18804
904;Manuel;Pérez;Ferrer;H;95486270E;Plaza  Jurídico 215, 5º;Madrid;Madrid;28554;673-262-062;915-309-538;mperez44@mail.es;05/07/1991;328;5;54;22302
905;Pilar;Poyatos;Gil;M;18930760N;Paseo  Exclusión 18, 6º 6ª;Badajoz;Badajoz;6225;679-796-568;924-322-921;pilarpoyatos@email.com;23/05/1965;157;251;48;23809
906;Raquel;González;Roldan;M;75538316Z;Avenida Antecesor 41, 1º 2ª;Barañáin;Navarra;31767;616-798-426;948-726-457;gonzalez44@correo.es;29/02/1968;105;40;46;18935
907;Ángela;Lázaro;Fernández;M;80961735X;Calle Motilidad Fea 222, 5;Orense;Orense;32853;613-247-966;988-438-781;lazaro43@correo.net;12/07/1998;107;28;80;20881
908;Pilar;Ros;Santos;M;66903774V;Avenida de  Egipto 191, 4º;Los Llanos de Aridane;S.C. de Tenerife;38834;608-809-917;922-153-187;pilros55@mail.es;29/10/1956;474;43;51;18801
909;María;Palacios;Galeano;M;06373182C;Paseo Sosiego Simpático 158, 2º 4ª;Palma de Mallorca;Islas Baleares;7902;607-555-177;971-507-719;mpalacios@mail.com;22/04/1965;31;20;92;15434
910;Jordi;Castillo;Salmerón;H;12600421D;Paseo Origen Artístico 172, 5;Logroño;La Rioja;26660;670-474-046;941-591-547;jcastillo@mail.es;29/10/1948;154;497;84;20982
911;Beatriz;Moya;Ruiz;M;22045295W;Plaza de  Ciencia Ancha 86, 5º 1ª;Burgos;Burgos;9564;672-491-349;947-880-927;beatrizmoya@mail.com;14/11/1937;262;256;80;23191
912;Rafael;Hernández;Martínez;H;80926830L;Avenida  Incisión 214, 6º;Tortosa;Tarragona;43886;644-489-292;977-387-107;rafhernandez@correo.es;14/04/1934;247;484;67;18355
913;Ángeles;Sánchez;Vázquez;M;95590447D;Plaza Asunción Ordenada 94, 1;Hospitalet de Llobregat;Barcelona;8320;635-841-942;936-115-322;angsanchez@mail.es;19/02/1989;471;480;80;22390
914;Carlos;Luna;Heras;H;31374205C;Paseo Connotación Cauta 238, 4º 1ª;Madrid;Madrid;28140;633-496-954;912-894-702;luna2@email.net;22/01/1999;162;471;76;15067
915;Montserrat;Maldonado;Chamorro;M;54080925J;Avenida de  Adaptación Grande 219, 6º;Valladolid;Valladolid;47708;680-506-000;983-931-925;monmaldonado@email.net;30/06/1950;156;79;78;17059
916;José Antonio;Barceló;Palacios;H;06644523F;Calle  Bizcocho Bueno 209, 2;Sant Cugat del Vallés;Barcelona;8392;631-458-433;934-386-874;jos.barcelo@email.net;05/12/2000;394;500;83;21174
917;Miguel Ángel;Navas;García;H;78014309B;Plaza de lo Accesible Serio 268, 6;Barcelona;Barcelona;8402;683-921-650;938-804-695;navas47@correo.com;13/06/1956;54;144;40;16060
918;Pilar;Vázquez;Valiente;M;45662111G;Calle de  Nacimiento 73, 3º 5ª;Córdoba;Córdoba;14146;689-835-185;957-472-669;pvazquez@mail.com;15/02/1994;261;222;52;24333
919;Jesús;Palencia;Esteban;H;76900977V;Paseo Acaecimiento Sensible 199, 6;Antequera;Málaga;29301;657-221-340;956-480-702;j.palencia@email.net;03/12/1960;292;186;75;20536
920;Juan;Martínez;Coloma;H;28165387R;Calle de  Comunicativo 208, 6;Barcelona;Barcelona;8349;671-614-684;938-625-299;jmartinez@correo.es;11/12/1948;286;470;64;15840
921;Francisco Javier;Montero;Molina;H;49689494H;Avenida la Transmisión Llorosa 136, 4;Santa Perpetua de Moguda;Barcelona;8541;660-193-120;935-292-238;fmontero@email.com;28/11/1975;228;364;98;19873
922;Marc;Rubio;González;H;40980690A;Avenida de la Subida 110, 4;Baracaldo;Vizcaya;48295;636-472-461;947-992-512;mar.rubio@email.net;06/10/1946;22;65;70;16595
923;Pilar;Gutiérrez;Rodríguez;M;01745633W;Calle de  Divergente Venenoso 134, 2º 1ª;Sevilla;Sevilla;41722;671-771-467;953-248-885;pgutierrez@email.net;04/08/1965;229;143;45;19637
924;Javier;Gómez;García;H;28188068G;Plaza de  Nervadura 205, 5º;Alicante;Alicante;3646;633-766-349;969-993-066;javgomez52@mail.es;24/04/1946;436;254;100;16978
925;Miguel;Viana;Hernández;H;70372712A;Calle el Enlace Pequeño 242, 4º;Siero;Asturias;33832;692-225-816;981-892-189;mviana@correo.es;09/01/1940;358;229;31;17287
926;Jesús;González;Marín;H;68937449D;Calle de  Antecesor Lento 179, 5º 6ª;Zaragoza;Zaragoza;50204;609-226-585;976-646-520;jesgonzalez@mail.es;15/09/1966;301;166;89;22118
927;Rocío;López;Franco;M;48135380Z;Plaza la Transformación Malcriada 29, 3º;Esplugas de Llobregat;Barcelona;8763;600-739-493;939-490-155;rlopez@mail.es;27/09/1969;194;1;88;24214
928;Ramón;Rodenas;Oliva;H;66685161L;Calle Audiovisual 184, 1º;Burgos;Burgos;9776;605-161-331;947-572-573;ramonrodenas@mail.net;08/05/1965;289;169;86;19139
929;Juana;Salas;Paz;M;86668967E;Avenida de  Cuadrúpedo 294, 5;Antequera;Málaga;29101;601-234-478;957-098-705;juasalas36@correo.net;06/05/1941;331;101;64;16562
930;Pilar;Carmona;Ruiz;M;41175645X;Avenida Viscosa Compasiva 96, 3º;Coslada;Madrid;28844;660-978-519;913-439-687;pcarmona@mail.net;19/08/1988;23;32;94;23275
931;María;Lorenzo;Gómez;M;90907577P;Plaza de la Coordinación Lenta 103, 1;Madrid;Madrid;28948;641-689-969;917-245-420;maria.lorenzo@email.es;02/09/1946;110;391;32;18227
932;Isabel;Sastre;Sánchez;M;25852538D;Plaza Antecesor 79, 3º;Tacoronte;S.C. de Tenerife;38946;624-223-409;922-696-908;sastre6@mail.com;16/08/1950;286;175;70;15221
933;Mohamed;Diez;Fernández;H;84288953W;Avenida Vocativo 51, 1º 2ª;San Sebastián;Guipúzcoa;20247;684-671-686;943-335-075;mohamed.diez@correo.com;13/01/1970;113;237;33;17644
934;Luis;Padrón;Andrés;H;97964732G;Plaza  Turgencia Resplandeciente 68, 3º 4ª;Alicante;Alicante;3083;641-633-617;968-262-355;luis.padron@email.es;06/02/1938;54;333;72;20788
935;Raúl;Cano;Pérez;H;84314590V;Plaza Abrasivo Moderno 52, 1º;Molins de Rey;Barcelona;8276;625-722-567;930-910-428;raulcano@mail.com;26/05/1963;373;94;66;18526
936;Cristina;Toledano;Crespo;M;64508032R;Calle Eficiencia 252, 4º;Aranjuez;Madrid;28965;601-324-007;912-255-365;ctoledano@correo.es;25/03/1977;401;315;83;20979
937;Concepción;Galván;Sánchez;M;28499576T;Calle Báscula 49, 3º;Barcelona;Barcelona;8143;608-932-566;934-644-970;congalvan@correo.es;24/08/1945;0;32;72;22404
938;Miguel Ángel;Oliveras;Tovar;H;03675495A;Avenida Abdicación 204, 3º;Arona;S.C. de Tenerife;38632;648-273-936;922-716-361;miguelangeloliveras66@mail.com;22/06/1974;101;387;49;23090
939;Jorge;Salas;Blázquez;H;36461147Y;Plaza de  Ciencia 158, 1º 6ª;Madrid;Madrid;28149;650-777-090;911-924-798;jorsalas@correo.net;29/06/1972;447;47;91;23629
940;Álvaro;Moya;Jiménez;H;54297983C;Calle la Posibilidad 297, 3º;Zaragoza;Zaragoza;50011;672-855-868;976-275-447;alvmoya@correo.com;13/04/1975;337;292;73;21324
941;Marta;Pajares;Sánchez;M;45663240Y;Calle Vulcanismo 122, 6º 5ª;Sevilla;Sevilla;41227;663-487-028;959-450-719;pajares51@correo.es;05/07/1996;449;430;49;21553
942;Rosa;Estrada;Ruiz;M;72628024G;Calle Rehabilitación 112, 6º;Sabadell;Barcelona;8811;643-224-504;933-061-724;r.estrada@mail.net;30/03/1996;286;8;74;22108
943;Cristina;Fernández;Sánchez;M;66851195Q;Paseo  Existencia Nueva 88, 6º;Madrid;Madrid;28460;621-284-628;918-555-492;cristinafernandez@mail.es;05/11/1951;399;104;46;23405
944;José Luis;Sánchez;Gómez;H;69306633C;Calle de la Comprobación Valiente 135, 5;Vigo;Pontevedra;36854;664-300-462;986-850-095;joseluissanchez@correo.es;18/03/1976;260;49;44;17222
945;Josefa;Rodríguez;Félix;M;71805665X;Plaza  Levítico Pequeño 224 bis, 6º;Madrid;Madrid;28438;610-920-898;912-937-781;josefarodriguez58@correo.es;05/12/1933;96;372;87;22999
946;María Luisa;Catalá;Rosado;M;59532713L;Plaza Inducción 198, 6º;Águilas;Murcia;30962;676-399-742;968-066-933;mcatala@correo.es;05/11/1998;134;133;58;15685
947;María Josefa;López;García;M;70296803V;Calle Resolución 201, 5;Castellón de la Plana;Castellón;12214;625-636-065;964-644-086;lopez38@mail.com;27/04/1971;308;58;43;16975
948;María Teresa;Arriaga;Andreu;M;63766033M;Plaza Misión Gélida 202, 3º 6ª;Alboraya;Valencia;46000;695-603-024;968-053-703;mararriaga@mail.com;10/08/1968;290;222;78;19447
949;Yolanda;Pérez;Gutiérrez;M;92527956Z;Avenida la Plasmólisis 198, 2º 6ª;Santiago de Compostela;La Coruña;15297;691-532-593;981-831-461;yolperez@email.net;11/10/1937;208;255;31;21433
950;Rubén;Pérez;Martínez;H;12349466F;Paseo de la Abstracción 267, 1º;Torrevieja;Alicante;3076;690-123-503;966-315-717;rperez@mail.com;15/07/1941;178;410;39;15086
951;Daniel;López;Garrido;H;83836427R;Avenida  Introducción Moderna 122, 2º 1ª;El Vendrell;Tarragona;43468;683-604-842;977-444-047;lopez50@email.es;16/07/1992;290;7;64;22672
952;Juan;Heredia;Torres;H;74612597E;Avenida Esclavitud 187, 2º;Vigo;Pontevedra;36178;640-513-265;986-600-679;juaheredia19@email.es;09/12/1975;168;275;75;23604
953;Marta;Calderón;Herrero;M;50749625X;Avenida el Omnipotente 99, 6º 2ª;Sevilla;Sevilla;41005;692-585-005;954-820-102;marcalderon@mail.net;02/12/1938;260;495;96;24323
954;Adrián;Alarcón;Espínola;H;25444890J;Avenida Generalización Simpática 262, 3º 1ª;La Rinconada;Sevilla;41092;657-958-086;951-814-665;alarcon46@email.es;28/04/1947;235;95;40;21484
955;Jaime;Pérez;Vidal;H;11932948L;Plaza  Buscador 100, 2;Reus;Tarragona;43860;623-696-537;977-378-569;jaime.perez@mail.com;06/07/1981;276;370;46;17123
956;Ainara;López;Fernández;M;48375176N;Calle  Transitivo 190, 1º 4ª;Barcelona;Barcelona;8986;611-108-697;934-558-994;ainaralopez77@correo.es;13/05/1935;132;162;71;15722
957;Sonia;Jiménez;Amor;M;49952264J;Avenida Morfología Fácil 109, 4º;Elche;Alicante;3971;626-827-872;966-802-059;sonjimenez@email.net;01/08/1962;234;263;30;18520
958;José;González;Herrero;H;91178679D;Plaza  Objeto Sabio 167, 3º;Linares;Jaén;23883;636-352-377;953-473-189;josegonzalez@email.es;15/10/1985;459;170;43;16890
959;María Carmen;García;Romero;M;95660773R;Calle Decadencia Culta 233, 6º 4ª;Baracaldo;Vizcaya;48062;659-019-493;940-470-426;mari.garcia@correo.net;18/05/1987;482;81;30;20648
960;Manuel;Figueroa;Perea;H;56320598S;Calle la Vesícula Gentil 244, 1º;Soria;Soria;42400;617-425-174;975-448-123;manuelfigueroa@correo.es;17/01/1959;241;220;62;16021
961;Rosario;Oliva;Aparicio;M;49084528K;Avenida la Residencia 162, 2;Alicante;Alicante;3559;639-005-698;964-940-947;rosoliva@correo.com;29/11/1986;168;46;68;24986
962;María;Jiménez;López;M;86890674D;Paseo la Subida Simpática 264 bis, 6º 5ª;Las Rozas de Madrid;Madrid;28558;643-704-790;916-005-072;mjimenez@mail.com;09/05/1985;389;156;35;21955
963;Beatriz;Campos;Caño;M;13338319K;Avenida Exclusión Resplandeciente 1, 6º 4ª;Madrid;Madrid;28568;624-741-973;910-746-972;campos86@correo.net;27/07/1996;369;273;64;23414
964;Lucia;Coll;Sánchez;M;55555053W;Avenida de  Bisílabo Moderno 45, 2º 5ª;Armilla;Granada;18970;699-634-086;958-140-219;lcoll@email.com;21/08/1969;156;49;64;16525
965;Óscar;Padilla;Blanco;H;65287458A;Paseo Expresiva Alta 225, 3º 4ª;Madrid;Madrid;28405;676-414-658;912-840-488;opadilla@correo.net;25/07/1933;15;46;71;20464
966;Concepción;Moreno;Alonso;M;54160446T;Plaza Construcción 149, 6º 6ª;Cádiz;Cádiz;11013;600-009-308;956-121-520;conmoreno84@mail.es;27/05/1988;89;314;36;16703
967;María Rocío;Ortega;Barquín;M;64263116N;Calle Adversidad 72, 2;Pamplona;Navarra;31705;657-284-839;948-834-847;marortega95@correo.com;25/11/1990;129;45;40;15824
968;Sergio;Arjona;López;H;00259635B;Calle Callosidad 135, 2º;Barcelona;Barcelona;8307;642-267-973;937-979-245;serarjona26@mail.net;02/07/1952;400;96;36;16657
969;María Dolores;González;Gómez;M;03403832Q;Calle la Polinización 218, 5;Valdemoro;Madrid;28402;696-713-446;918-139-934;mgonzalez@mail.net;30/08/1950;3;409;62;19684
970;Carlos;Ferrer;Hernández;H;62915314X;Plaza de la Bienvenida Verde 91 bis, 2;Móstoles;Madrid;28278;668-937-159;919-034-779;carferrer@correo.com;07/10/1974;357;6;98;19515
971;Ángel;Benito;Dorado;H;49493321N;Plaza Universo 72, 6º;Madrid;Madrid;28236;614-104-228;917-057-549;angelbenito65@correo.es;07/12/1954;320;489;32;19953
972;David;Hernández;Morales;H;15913273X;Plaza de  Transfusión 16, 5;Santa Coloma de Gramanet;Barcelona;8579;646-069-414;937-511-807;david.hernandez@email.com;28/12/1989;281;364;52;17099
973;María Carmen;Galán;Moreno;M;52045516N;Calle  Biblia Fácil 42 bis, 3º;Villena;Alicante;3754;654-805-496;962-100-980;mariacarmen.galan@mail.net;16/10/1982;377;245;94;20892
974;Lucia;Sánchez;Torres;M;29085559N;Plaza Partenogénesis 121, 1;Madrid;Madrid;28082;615-673-205;913-245-709;lsanchez88@correo.com;19/09/1977;350;421;41;21093
975;Yolanda;Larrañaga;Carrasco;M;78647817F;Calle  Semblanza Gentil 130, 1º 3ª;Valencia;Valencia;46569;673-155-982;966-048-569;ylarrañaga@correo.es;14/08/1981;259;122;42;16474
976;María Isabel;Marín;Calvo;M;62908821A;Avenida de lo Trascendental Sensato 191, 6º 3ª;Valdemoro;Madrid;28720;676-932-633;918-460-318;mari.marin@email.es;24/11/1979;0;298;89;21090
977;Enrique;Jaén;Rodríguez;H;28322055Q;Plaza  Vulcanismo Cruel 157, 5º;Figueras;Gerona;17425;647-391-368;972-706-532;enrjaen59@mail.com;12/06/1967;407;188;57;20012
978;José María;Tébar;Mena;H;78950399R;Plaza Barbarismo Amoroso 195, 6º 2ª;Tarrasa;Barcelona;8529;699-881-695;936-965-916;jostebar@email.com;20/01/1971;354;150;92;22265
979;Dolores;Rubio;Teruel;M;47599622H;Plaza Pasivo 47, 6º 6ª;Sabadell;Barcelona;8355;693-492-087;932-017-173;dolrubio@email.es;18/01/1983;192;398;57;19755
980;Jordi;Botella;Martin;H;50881650S;Avenida Envoltura 159, 3º;Huelva;Huelva;21344;665-853-018;959-666-441;jordibotella59@correo.es;31/01/1975;141;122;49;23760
981;Elena;Ocaña;Marrero;M;03641510N;Avenida Fotosíntesis Honesta 258, 2º;Badalona;Barcelona;8880;673-644-362;935-785-629;eocaña@correo.com;08/07/1997;367;273;64;20274
982;Jorge;Claros;Muñoz;H;36413976P;Plaza Excavación 271, 3º 6ª;Gavá;Barcelona;8838;665-944-999;938-228-321;jor.claros@email.es;24/12/1969;300;397;62;22166
983;María Dolores;Molina;Parrado;M;57898718J;Plaza Precipitación 270, 5º;Cornellá de Llobregat;Barcelona;8589;614-888-360;932-237-749;mmolina@email.net;15/12/1963;27;266;66;23928
984;Antonio;González;Rodríguez;H;25686198M;Avenida Envase 154, 6;Avilés;Asturias;33304;623-423-838;987-023-120;gonzalez26@mail.net;06/11/1964;426;213;88;24089
985;Josep María;González;García;H;95510434J;Avenida  Galaxia 49, 6;Madrid;Madrid;28589;682-660-675;918-388-177;jgonzalez@correo.net;14/01/1954;239;401;68;17627
986;María Luisa;Garate;Lozano;M;03067543X;Paseo  Buenaventura Aurífera 84, 3;Gijón;Asturias;33857;632-581-121;985-187-840;mgarate@email.net;02/04/1940;424;136;93;20254
987;Antonio;Fernández;Rodríguez;H;37467093R;Avenida  Inefable 85, 2º 3ª;Sant Cugat del Vallés;Barcelona;8986;694-605-992;937-162-504;fernandez3@email.com;02/02/1969;467;127;78;19728
988;Antonio;Jiménez;Sastre;H;45940497K;Plaza  Expresión Gentil 227, 2º;Roquetas de Mar;Almería;4042;688-358-778;950-495-461;antoniojimenez@correo.es;04/06/1966;312;257;77;20977
989;Sergio;Hidalgo;Martínez;H;11320201S;Paseo del Centímetro Grande 153, 6º;Santiago de Compostela;La Coruña;15838;655-591-288;981-232-037;sergiohidalgo@correo.com;12/06/1991;290;273;86;21395
990;Catalina;Estrella;Hernández;M;79098386Y;Avenida Procesión Deportiva 201, 2º 5ª;Sant Cugat del Vallés;Barcelona;8725;609-984-991;934-181-531;cestrella@mail.net;16/09/1967;258;352;35;21727
991;María;Lora;Soler;M;26953009E;Plaza del Objeto Listo 170, 4;Vitoria;Álava;1739;618-785-413;945-310-091;marialora@email.com;17/08/1964;421;293;36;24285
992;Antonio;Botella;Carballo;H;13478687C;Calle de  Improvisación Independiente 265, 4º;Santiago de Compostela;La Coruña;15752;662-274-317;981-640-117;antonio.botella@mail.net;23/06/1949;214;339;41;15048
993;Álvaro;Díaz;Ferrer;H;25755084Y;Avenida Expansión 223, 3º 6ª;Torrente;Valencia;46368;604-515-155;964-042-383;a.diaz@mail.es;27/04/1994;321;326;98;18268
994;José;Martínez;Navarro;H;33166694G;Paseo Transferencia 159, 2º;Palma de Mallorca;Islas Baleares;7726;651-751-845;971-867-871;josmartinez@mail.net;31/01/1941;448;178;72;20246
995;Antonia;Berrocal;Prieto;M;15081669V;Paseo del Agudizamiento 232, 4º 1ª;Torrejón de Ardoz;Madrid;28608;614-616-639;916-330-716;aberrocal44@mail.es;16/01/1938;63;49;43;21360
996;Ana;Moreno;Fernández;M;46816929S;Avenida el Hallazgo Negro 278, 1;Madrid;Madrid;28060;684-976-505;919-727-961;moreno44@correo.es;12/06/1981;149;464;40;23000
997;Miguel Ángel;Echeverría;Belda;H;55788601P;Calle de  Obsesión Ácida 258, 5;Málaga;Málaga;29463;624-316-505;958-093-425;migecheverria14@mail.net;29/01/1962;495;170;69;15688
998;Antonio;Ezquerra;Vargas;H;47814570P;Avenida Deslizamiento 173, 2º;Bilbao;Vizcaya;48969;620-824-129;949-685-566;antonioezquerra@mail.es;04/04/1976;482;176;31;24035
999;Josefa;Triviño;Pérez;M;62477622P;Paseo  Persuasión Ordenada 28, 3º 6ª;Guecho;Vizcaya;48293;603-960-983;942-581-950;triviño4@correo.es;07/10/1949;71;36;57;18025
1000;Paula;Alonso;Santiago;M;87579471W;Calle de  Descriptiva Buena 19, 1º;Vitoria;Álava;1585;636-658-857;945-667-761;alonso61@mail.es;15/07/1984;242;256;67;24740
1001;Laura;Astorga;Ortega;M;12099210Z;Paseo de lo Verboides Nuevo 2, 4º;Dos Hermanas;Sevilla;41653;669-730-810;958-251-437;lauastorga94@mail.com;31/01/1948;101;338;82;22500
1002;María Ángeles;Melchor;Pereira;M;05968315E;Calle Unilateral 217, 3º 2ª;Valladolid;Valladolid;47850;652-337-572;983-160-420;mmelchor@mail.com;05/02/1984;450;115;53;17023
1003;José;Sáez;Aranda;H;13555434Q;Paseo de  Selectividad 102, 6º;Parla;Madrid;28890;665-793-413;913-787-478;saez66@mail.com;10/01/1984;435;468;92;20873
1004;María;Fernández;Vílchez;M;30522985F;Plaza Decadencia 127, 4º 4ª;Valencia;Valencia;46599;684-103-804;968-241-482;mfernandez@correo.es;21/07/1971;259;379;46;23107
1005;Ángel;Yanes;García;H;30640602W;Plaza de  Icónico Alto 31, 2º;Elche;Alicante;3160;658-331-621;960-448-844;angyanes55@email.com;11/11/1951;478;223;72;22789
1006;Carlos;Cruz;Guerrero;H;34770106V;Calle Vértice 83, 2º;Córdoba;Córdoba;14565;699-312-495;957-865-519;carloscruz@mail.es;21/01/1938;114;388;30;17611
1007;David;Pedrosa;Salas;H;40806984Q;Plaza de lo Instructivo 280, 6;Santurce;Vizcaya;48082;671-468-751;949-671-367;d.pedrosa@email.es;12/06/1975;182;51;38;23887
1008;Francisco;Moreno;Mas;H;59267150Z;Avenida Servicio Valiente 225, 5º 2ª;Valencia;Valencia;46309;641-273-057;968-746-088;moreno60@correo.net;26/03/1936;490;307;61;19322
1009;María Luisa;García;Parrilla;M;68949849N;Paseo Genoma 74, 1;Orense;Orense;32869;691-075-218;988-617-706;garcia1@email.es;30/05/1987;371;24;78;23133
1010;Alberto;Núñez;Puig;H;45209041B;Avenida del Predicativo Enfermo 132, 4º 4ª;Rivas-Vaciamadrid;Madrid;28281;694-859-379;914-833-624;albnuñez@email.es;05/01/1980;450;257;73;17130
1011;Miguel;Gil;Nicolás;H;82163323D;Avenida el Éxodo Venenoso 168, 2º 6ª;Conil de la Frontera;Cádiz;11892;653-107-903;956-012-100;miguelgil@email.es;30/07/1955;112;154;49;16867
1012;Lucia;García;Rodríguez;M;96648054F;Paseo el Cuadrúpedo 36, 6º 4ª;Palencia;Palencia;34648;620-432-387;979-650-414;garcia13@correo.net;18/07/1969;236;0;87;24017
1013;María;Armas;Ramírez;M;27524739H;Plaza de la Colección Triste 77, 6º;Parla;Madrid;28985;673-193-745;913-461-384;mararmas@email.es;11/03/1975;442;500;74;22307
1014;José Antonio;Soto;Ospina;H;07632815N;Paseo Exhibición Sabia 106, 6º;Ronda;Málaga;29201;621-233-296;950-703-495;jossoto63@email.com;10/08/1958;338;346;67;23882
1015;María Dolores;Infantes;Sánchez;M;93795418S;Plaza Municipio Negro 45, 1º;Pamplona;Navarra;31311;613-759-568;948-326-177;m.infantes@correo.es;13/03/1942;338;478;71;23223
1016;Laura;Del Amo;Sánchez;M;85481620G;Paseo Bíceps 138, 1º;Madrid;Madrid;28777;659-097-063;917-175-417;lde23@mail.net;17/07/1946;340;499;72;19970
1017;Carlos;Gómez;González;H;10078829E;Calle Bisílabo Sensato 291, 5º 6ª;Dos Hermanas;Sevilla;41673;624-504-274;951-691-644;cargomez@mail.es;11/12/1933;143;247;77;22399
1018;Nerea;Ramírez;Gómez;M;62246728B;Plaza Binomio Inquebrantable 259, 3º;Hospitalet de Llobregat;Barcelona;8980;671-749-258;935-783-969;nerramirez@email.com;24/06/1988;118;331;86;18437
1019;María Pilar;Marcos;Villegas;M;49882562R;Plaza Comezón Hermoso 279, 2;Mejorada del Campo;Madrid;28695;689-069-471;919-932-285;mmarcos@mail.es;09/09/1940;495;148;49;22346
1020;Raúl;Torrijos;Hernández;H;36539856D;Calle Posibilidad 78, 3º 3ª;Sevilla;Sevilla;41550;623-417-662;950-882-957;r.torrijos@correo.es;30/03/1953;20;198;38;22933
1021;Alex;Albert;Aragón;H;82186297Y;Plaza Vocativo 38, 4º 4ª;Oviedo;Asturias;33819;672-282-476;988-507-050;alealbert@mail.es;26/01/1946;151;400;34;23230
1022;Sara;González;Puerta;M;55473468K;Calle Acceso Fácil 191, 4º 1ª;Icod de los Vinos;S.C. de Tenerife;38700;610-999-902;922-646-704;saragonzalez@mail.net;04/06/1938;362;360;31;19109
1023;Mercedes;Herreros;De Castro;M;21844538N;Paseo del Nucela Sensato 236, 2º;Arona;S.C. de Tenerife;38535;655-669-318;922-558-043;mercedesherreros67@correo.es;01/11/1964;404;151;75;17511
1024;Rosa;González;Martin;M;08868637K;Paseo Verbo 271, 3;Madrid;Madrid;28965;638-154-730;916-221-470;r.gonzalez@mail.net;01/05/1993;415;154;30;22069
1025;María José;López;Sánchez;M;99743443X;Paseo de lo Esencial 119, 3º 6ª;El Puerto de Santa María;Cádiz;11854;646-713-214;956-091-822;mlopez@correo.com;03/12/1967;59;256;48;19582
1026;María Carmen;Rico;Maldonado;M;54935261Z;Avenida del Autótrofo Grande 2, 1º 1ª;Granada;Granada;18924;666-053-661;958-820-636;marrico9@email.com;03/09/1970;415;211;73;20001
1027;María Ángeles;Pérez;Cuesta;M;87439239R;Avenida de  Incisión Sensata 250, 6;Badalona;Barcelona;8293;669-675-207;931-134-332;marperez@correo.com;19/08/1948;185;109;47;20887
1028;Francisca;Núñez;Bravo;M;10937626E;Plaza Bario Luminoso 141, 4º 6ª;Utrera;Sevilla;41305;676-101-339;955-256-134;fnuñez47@mail.com;01/11/1966;166;88;98;19748
1029;José Antonio;García;Gordon;H;53115226S;Plaza  Consejo 250, 4º;Paterna;Valencia;46057;631-567-881;969-694-625;josgarcia@correo.es;23/08/1997;201;248;34;15023
1030;Concepción;Nieto;García;M;67905859S;Calle Residencia 270, 1º;Torrevieja;Alicante;3785;622-515-116;968-569-925;nieto72@mail.es;01/04/1985;280;315;32;18100
1031;María Teresa;Martínez;Rodríguez;M;00281743Q;Calle Religión Deportiva 6, 5º 3ª;Almería;Almería;4459;683-022-055;950-858-845;martinez81@email.com;02/01/1967;10;321;79;23001
1032;Miguel;Baena;Pascual;H;22441478X;Calle Religión Cruel 223, 2º;Alicante;Alicante;3652;612-097-065;962-923-264;mbaena@email.com;15/11/1953;419;210;84;16481
1033;María;López;Sanz;M;25869331N;Paseo de  Bélico 81, 2º;Sevilla;Sevilla;41804;631-236-250;959-766-674;lopez5@mail.com;05/07/1974;161;380;73;19416
1034;Roberto;Pérez;Fernández;H;50721536G;Avenida del Laceramiento 146, 5;Ceuta;Ceuta;51621;655-481-960;956-832-016;rperez56@correo.com;16/04/1999;310;486;80;22300
1035;Verónica;Arranz;Menéndez;M;73422927G;Calle el Excepcional 123, 2º 5ª;Tarrasa;Barcelona;8718;611-696-941;934-936-008;verarranz70@correo.es;25/07/1953;479;311;44;18682
1036;Pedro;Rodríguez;Ibáñez;H;36664353F;Calle el Clásico Humilde 23, 2º 4ª;Madrid;Madrid;28309;603-833-734;915-929-669;p.rodriguez@email.net;15/05/1960;114;293;49;17708
1037;José Manuel;González;Mariscal;H;99137671N;Plaza Víbora Dulce 2, 1;Valencia;Valencia;46617;673-655-570;964-744-937;josgonzalez@mail.net;19/06/1966;262;357;39;19168
1038;Ana;Tomas;Barrio;M;41582462A;Avenida de  Covalente 84, 3º 2ª;Jerez de la Frontera;Cádiz;11171;617-621-074;956-116-233;anatomas15@email.net;10/08/1974;237;69;69;16457
1039;José María;Silvestre;Ríos;H;79371693G;Plaza Constitución 42, 1º 5ª;Baza;Granada;18313;688-944-600;958-069-362;jossilvestre11@correo.net;06/12/1973;17;3;41;22139
1040;Miguel Ángel;García;Villegas;H;06105648E;Avenida  Coherencia Simpática 197, 6º;Estepona;Málaga;29301;661-721-893;957-207-008;mgarcia@email.net;09/02/1963;409;139;56;18529
1041;Esther;Pérez;Moreno;M;79054334E;Plaza  Cóncavo 251, 5º;Barcelona;Barcelona;8193;651-644-484;936-295-380;e.perez@correo.com;07/03/1985;478;53;35;19625
1042;Alejandro;Jiménez;Cano;H;29576480K;Plaza  Jilguero Viejo 155, 3;San Adrián de Besós;Barcelona;8480;607-102-733;939-470-000;alejandro.jimenez@correo.net;15/11/1937;311;485;45;19179
1043;María Teresa;Pinilla;García;M;65138465G;Avenida del Micrótomo 56, 4º 3ª;Ceuta;Ceuta;51224;609-825-510;956-371-071;maripinilla60@correo.es;22/07/1956;276;459;50;17165
1044;David;Marques;Fernández;H;18741055B;Avenida la Distribución 278, 2;Soria;Soria;42394;652-894-232;975-337-463;dmarques@correo.com;26/10/1973;172;109;86;22784
1045;Diego;García;López;H;95051315C;Paseo Carnívoro 102, 2º 6ª;Elche;Alicante;3023;694-716-161;966-034-386;dgarcia99@email.es;01/04/1989;169;103;32;18031
1046;María;Marcos;Vidal;M;23772170Z;Avenida Ribosoma Bondadoso 33, 2;Logroño;La Rioja;26795;625-309-495;941-876-079;marcos60@mail.com;03/03/1961;493;369;53;23123
1047;Luis;Puga;Delgado;H;02973853E;Avenida Diptongo 127, 3º 6ª;Mataró;Barcelona;8861;642-374-266;931-989-857;lpuga@email.com;21/04/1960;160;12;97;24364
1048;Lucia;Redondo;Santamaría;M;46741545W;Calle  Óvulo 58, 3º;Fuenlabrada;Madrid;28973;659-277-074;913-327-412;lredondo@correo.es;16/11/1981;456;119;52;15629
1049;Francisco;Serrano;Lara;H;68463123N;Calle de la Repercusión 102, 1;Madrid;Madrid;28046;607-040-354;919-888-633;serrano8@email.com;03/06/1961;388;471;36;21576
1050;María;Guerra;Bruno;M;86412368B;Plaza Predicativo 15, 6º 6ª;Coria del Río;Sevilla;41188;690-019-350;956-699-024;maria.guerra@email.com;11/04/1933;20;31;41;21927
1051;María;Miguel;Gómez;M;93898510K;Calle  Decadencia 142, 6º 4ª;Villafranca del Panadés;Barcelona;8799;615-855-918;936-668-761;mmiguel@mail.com;21/11/1979;474;22;46;21545
1052;María Teresa;Valls;Martínez;M;32093613B;Avenida lo Trascendental 102, 5;Barcelona;Barcelona;8567;662-204-943;933-557-348;mvalls94@email.es;07/03/1952;86;484;66;22052
1053;Manuel;González;Fraile;H;43644631S;Plaza Lingüística Sonora 118 bis, 3º 4ª;Alcobendas;Madrid;28894;666-441-854;917-442-146;mgonzalez19@correo.com;11/03/1984;255;402;49;17681
1054;Rafael;Vicente;Calleja;H;35348999T;Calle de  Nacionalidad 39, 3º;Mogán;Las Palmas;35034;659-123-968;928-699-518;rafvicente64@correo.com;15/08/1965;299;8;40;16465
1055;Juan Manuel;Muñoz;León;H;88429073F;Paseo lo Vulnerable Sensato 244, 1º;San Vicente del Raspeig;Alicante;3070;601-570-911;961-892-704;juamuñoz@mail.com;04/01/1935;475;307;90;17045
1056;María Pilar;Castells;Torres;M;44084629T;Avenida  Experimento 27, 2;Sevilla;Sevilla;41617;674-094-741;959-401-587;mcastells@correo.com;18/07/1943;435;345;67;20256
1057;Santiago;Fernández;Soriano;H;30273742S;Paseo Medieval Fácil 272, 3º;Benalmádena;Málaga;29577;687-514-172;958-900-712;sfernandez@mail.net;19/04/1971;443;300;42;24056
1058;Juan;Rodríguez;Melian;H;86852311X;Calle Híbrido 275, 5º;San Sebastián;Guipúzcoa;20986;622-242-652;943-293-714;juanrodriguez@correo.es;09/02/1950;399;181;72;24058
1059;Francisco Javier;Álvarez;Méndez;H;11319963F;Avenida de  Flexibilidad Ancha 267, 4;Alicante;Alicante;3487;664-773-488;963-087-089;f.alvarez@correo.com;22/05/1981;30;97;43;19738
1060;Carlos;Grau;Rodríguez;H;91237425J;Calle de  Vacío 4, 6º 3ª;Marbella;Málaga;29214;672-020-612;953-200-958;carlos.grau@correo.es;06/06/1957;449;459;100;21963
1061;Patricia;Gálvez;Vega;M;28686524G;Paseo Enlace Ordenado 120, 5º;Rivas-Vaciamadrid;Madrid;28735;630-705-130;919-988-923;patgalvez@email.es;17/05/1973;191;194;62;16367
1062;Ángel;Mira;Rodríguez;H;90792306J;Avenida Bacilo 65, 4º 6ª;Alicante;Alicante;3880;603-717-460;960-880-970;angmira@email.com;18/03/1952;75;402;37;17518
1063;Rubén;Muñoz;Serrano;H;55010710T;Paseo del Abiótico Eficiente 151, 3º;Murcia;Murcia;30596;660-684-536;968-144-422;rubmuñoz@mail.es;12/06/1993;130;179;44;17195
1064;María Ángeles;Mohamed;Romero;M;80905844D;Calle de lo Irreversible Hermoso 155, 1º 3ª;Cádiz;Cádiz;11567;691-652-326;956-200-024;mar.mohamed@mail.net;07/02/1975;81;268;94;22077
1065;Francisco;Gutiérrez;Cifuentes;H;18122040H;Avenida  Calvicie Inteligente 262, 1º;Burjasot;Valencia;46388;614-966-503;966-400-929;franciscogutierrez48@correo.es;06/07/1993;78;45;78;20144
1066;Ana María;Moreno;Castillo;M;84829926S;Plaza  Abdicación 277, 3º 6ª;Boadilla del Monte;Madrid;28052;655-039-850;919-360-652;moreno73@mail.com;21/09/1937;44;183;80;16685
1067;Xavier;Barriga;Hernández;H;45223269W;Avenida de la Convocatoria 63, 5º;Burjasot;Valencia;46045;640-183-261;964-986-153;xavbarriga@mail.es;25/06/1953;75;41;40;22186
1068;Eduardo;Martínez;Esteban;H;19790814G;Calle Discriminación 9, 5;Santa Cruz de Tenerife;S.C. de Tenerife;38756;604-105-971;922-543-989;eduardomartinez52@mail.com;04/06/1961;290;499;89;19350
1069;Irene;Kaur;Sánchez;M;82265367W;Calle Auscultación Valiente 1, 4;Oliva;Valencia;46133;646-304-412;961-863-610;irenekaur@email.net;01/03/1970;333;352;42;21435
1070;Antonio;Palacio;Fernández;H;09659734X;Avenida Introducción 122, 5;Torrevieja;Alicante;3238;670-714-633;968-102-876;antoniopalacio@correo.es;26/01/1990;396;46;82;20875
1071;Manuela;López;López;M;07661987C;Paseo  Adversario Feo 258, 3º 5ª;Irun;Guipúzcoa;20554;643-578-907;943-104-913;lopez58@correo.com;11/01/1965;374;179;79;19127
1072;Josep;Criado;Arranz;H;25535211J;Avenida Resolución Honesta 7, 2º;Mieres;Asturias;33370;602-041-610;984-884-858;criado6@mail.com;13/08/1945;396;240;89;22556
1073;Juan Carlos;Porras;Fernandes;H;70945520L;Calle Ultimátum Valiente 47, 3º 1ª;Málaga;Málaga;29737;632-646-203;959-873-184;jua.porras@mail.net;03/12/1995;416;493;62;24331
1074;Juan José;Barceló;Arranz;H;14332681R;Plaza de la Adicción Alba 77, 1;Los Palacios y Villafranca;Sevilla;41583;625-472-741;953-606-620;barcelo89@mail.es;13/06/1959;46;218;30;17578
1075;José Luis;Díaz;Fernández;H;60731195V;Avenida de la Navegación Etérea 267, 2º;Madrid;Madrid;28575;667-498-332;915-744-009;josdiaz@correo.net;17/02/1970;391;24;54;20480
1076;María Teresa;García;Soto;M;73840912X;Avenida Azteca 112, 6;Castro-Urdiales;Cantabria;39315;627-058-179;942-765-271;margarcia@email.net;11/10/1942;5;92;47;21073
1077;Francisco Javier;Navarro;Santos;H;48157645S;Plaza Genealogía Independiente 222, 1º 2ª;Puerto de la Cruz;S.C. de Tenerife;38181;675-079-935;922-503-217;fnavarro@email.com;03/01/1946;212;157;88;15221
1078;Alejandro;Torres;Lozano;H;45367359C;Calle de  Centesimal 73, 2;Mataró;Barcelona;8770;691-606-540;939-890-678;alejandro.torres@mail.net;01/08/1988;337;337;78;15172
1079;Emilio;Carmona;Gómez;H;81864406T;Plaza de la Frase Estricta 109, 4;Sevilla;Sevilla;41288;634-949-939;955-462-071;ecarmona33@mail.net;27/08/1937;103;51;76;15902
1080;Lucia;González;Contreras;M;66593570Z;Avenida Cóncavo Amoroso 87, 5º;Murcia;Murcia;30212;690-724-732;968-800-179;gonzalez43@correo.com;16/10/1954;33;173;48;22687
1081;Beatriz;Sánchez;Juan;M;21115452A;Avenida Abovedado 207, 2º 1ª;Sabadell;Barcelona;8245;649-937-849;937-559-598;beatrizsanchez@email.es;08/08/1952;318;224;50;23597
1082;Carlos;Torras;Rivas;H;12186611S;Plaza Predilección 121, 2º;Soria;Soria;42054;636-182-394;975-978-232;torras36@email.es;11/11/1937;46;53;56;22399
1083;Dolores;Arango;Moreno;M;68836777P;Calle Sinalefa Rápida 87 bis, 1;Santa Cruz de Tenerife;S.C. de Tenerife;38897;634-961-204;922-588-739;dolarango@mail.com;23/08/1998;490;398;80;20796
1084;Joan;Martínez;Montoya;H;66487153H;Paseo Fácil 126, 3;San Vicente del Raspeig;Alicante;3133;657-929-329;965-111-924;joamartinez88@mail.net;17/11/1987;105;173;87;24508
1085;Pablo;Quesada;Prados;H;05222894P;Avenida de  Bibliografía Deportiva 35, 5º 6ª;Talavera de la Reina;Toledo;45717;664-540-691;925-486-316;pabquesada95@mail.com;12/10/1951;157;403;84;17471
1086;María Pilar;Zambrano;Martínez;M;13949856B;Plaza el Bovino 114, 2;Villagarcía de Arosa;Pontevedra;36284;632-433-376;986-707-324;zambrano76@mail.com;26/09/1941;405;414;75;24588
1087;Luis;Lama;Aceituno;H;60529695C;Avenida  Retículo Audaz 173, 6º;Barcelona;Barcelona;8027;620-764-657;933-367-368;llama4@correo.net;07/02/1949;498;351;80;15726
1088;Juana;Úbeda;Pagan;M;71042352K;Calle del Vértice 93, 1º 5ª;Salamanca;Salamanca;37469;636-969-797;923-535-365;ubeda40@mail.net;18/11/1945;347;225;51;22635
1089;Laura;Conde;García;M;95660264K;Calle  Restauración Persistente 78, 5º;Tarrasa;Barcelona;8862;609-283-653;932-157-588;conde31@email.net;17/02/1984;431;225;87;15458
1090;Óscar;Pérez;González;H;67132532V;Plaza  Víscera Malcriada 190, 6;Sevilla;Sevilla;41265;634-915-335;956-352-576;operez@mail.net;15/01/1964;220;485;95;16154
1091;Carmen;Vázquez;Prats;M;89792831A;Plaza Subvención Malcriada 267, 6º 1ª;Madrid;Madrid;28204;686-148-415;912-594-555;c.vazquez@correo.net;15/05/1949;90;360;88;21601
1092;Ángeles;López;Quiles;M;87975887J;Plaza la Vellosidad 282, 2;Lérida;Lérida;25410;680-803-970;973-807-172;ang.lopez@correo.es;29/11/1982;257;398;78;16346
1093;Francisco;Pérez;Moreno;H;47376618E;Calle Selectividad Alta 214, 4º;Dos Hermanas;Sevilla;41315;671-730-203;952-193-333;francisco.perez@mail.es;28/04/1973;333;474;92;21494
1094;Ricardo;Asenjo;Santana;H;63321693W;Plaza Residencia 175, 4º;Teruel;Teruel;44561;640-538-032;978-692-746;ricardoasenjo16@correo.net;17/12/1984;49;270;33;17155
1095;Rafael;Del Rio;Diego;H;17990296H;Plaza Trascendental Blanco 229, 2;Cartagena;Murcia;30536;671-765-302;968-540-052;rafdelrio@email.net;17/10/1953;406;264;53;17341
1096;David;Sanz;Dolz;H;17570213F;Paseo Licencia Gélida 113, 4º;Valladolid;Valladolid;47705;615-081-912;983-026-532;dav.sanz@email.net;13/10/1938;398;367;68;15951
1097;Manuel;Carro;Moreno;H;63820146E;Avenida  Bimestre 263, 1º 5ª;Madrid;Madrid;28843;606-621-332;910-105-498;manuelcarro@email.com;14/01/1996;447;203;89;19218
1098;Manuel;López;Larrosa;H;12810858L;Avenida Complicación 246, 3º 1ª;San Sebastián de los Reyes;Madrid;28769;661-526-883;919-440-976;manlopez@correo.net;29/12/1934;491;49;54;22196
1099;Ana;Martin;González;M;75242258N;Paseo de  Vulnerable Prolijo 271, 3º 1ª;Murcia;Murcia;30605;632-696-512;968-025-979;anamartin48@mail.net;25/01/1983;51;228;54;23008
1100;Nuria;Velasco;Enríquez;M;23493709Z;Calle el Hispanoamericano Sincero 223, 1;Jerez de la Frontera;Cádiz;11068;668-052-483;956-150-907;velasco65@correo.es;06/08/1992;437;355;56;24103
1101;José María;Hernández;Mejías;H;60805479B;Calle Intraespecífica 285, 6;Madrid;Madrid;28450;666-297-821;913-910-542;josemariahernandez1@mail.es;25/04/1971;56;23;89;22626
1102;Ana María;Caraballo;Garrido;M;77102857A;Paseo la Hipertensión 178, 5;Guadalajara;Guadalajara;19598;662-533-869;949-552-332;anacaraballo@correo.net;10/11/1935;248;332;95;21279
1103;José María;Agudo;Bouza;H;77988558C;Paseo Adherencia Abstracta 83, 2º;Onteniente;Valencia;46784;601-992-064;962-275-754;jos.agudo@email.net;01/07/1943;366;150;81;18880
1104;Marta;Roldan;Corrales;M;02929892Z;Avenida la Absolución Cortés 85, 6º;Valencia;Valencia;46326;641-348-292;963-089-628;mroldan@mail.net;15/12/1960;354;343;84;15721
1105;Purificación;Cabrera;Fuentes;M;55976484G;Paseo la Capacidad Viajera 264, 3;Sevilla;Sevilla;41423;667-869-681;951-977-520;pcabrera35@mail.es;14/10/1980;94;44;64;15954
1106;Carmen;Carro;Navarro;M;57022290T;Avenida de  Nacionalidad 27, 3º;Palma de Mallorca;Islas Baleares;7803;647-552-654;971-599-540;carro7@correo.es;08/10/1971;141;414;52;16672
1107;José Antonio;García;Baro;H;79474467Z;Avenida  Celebración Nueva 270, 6º;Talavera de la Reina;Toledo;45120;678-220-162;925-095-470;jos.garcia@mail.com;23/06/1965;355;67;81;20439
1108;María Teresa;González;Bermejo;M;33684865P;Calle  Esclavitud 261, 6º 4ª;Arona;S.C. de Tenerife;38297;630-783-015;922-557-876;marigonzalez19@correo.com;20/04/1983;206;19;88;19142
1109;María Jesús;Utrera;Blanco;M;95135316W;Paseo del Dilúbrido 149, 5º;Cuart de Poblet;Valencia;46644;601-146-285;966-848-617;mutrera@correo.es;04/11/1958;226;410;37;20464
1110;Ana María;Ruiz;Maldonado;M;09511116H;Plaza Votación Ansiosa 63, 5;Gijón;Asturias;33269;678-010-081;982-895-491;anruiz@correo.com;21/11/1974;244;170;31;20072
1111;Miguel;García;Sánchez;H;80130719F;Avenida Reserva Arriesgada 293, 1º 1ª;San Juan Despí;Barcelona;8057;625-000-580;935-224-984;miggarcia@correo.es;06/10/1935;480;191;69;20421
1112;Alberto;Costa;Esteban;H;58723830T;Paseo el Anverso 20, 1º;Santander;Cantabria;39262;640-590-065;942-046-063;costa58@mail.es;09/10/1984;288;464;44;20683
1113;Laura;Linares;Guillen;M;48828537C;Plaza  Consistencia Joven 138, 6º;Fuengirola;Málaga;29449;680-489-867;955-531-568;linares82@mail.es;13/10/1948;163;348;81;24328
1114;Miguel Ángel;Domínguez;Navarro;H;50998089M;Calle Arteriosclerosis 287 bis, 6º;Zaragoza;Zaragoza;50028;653-213-112;976-911-803;migdominguez@correo.es;26/12/1947;320;277;74;16978
1115;José Antonio;Moreno;González;H;88521476L;Paseo la Predación 118, 5º;Lérida;Lérida;25187;622-987-667;973-945-932;josmoreno@correo.es;09/02/1943;48;437;59;23609
1116;Rubén;Bolaños;López;H;39279032T;Paseo el Aforo 234, 4º 2ª;Campello;Alicante;3069;663-075-114;968-449-543;rbolaños@correo.net;22/02/1997;44;112;68;22823
1117;Joan;Sánchez;Gordillo;H;90870571D;Avenida del Bautismo Malo 295, 6º;Alcobendas;Madrid;28290;661-688-959;913-066-430;jsanchez79@mail.com;09/10/1977;97;124;38;19848
1118;Álvaro;Ros;González;H;63099101G;Plaza Instructivo 72, 2;Talavera de la Reina;Toledo;45360;693-323-567;925-436-433;a.ros@correo.es;17/02/1954;340;24;98;16186
1119;Salvador;Granell;García;H;23950316W;Plaza del Hallazgo 297, 5;Gijón;Asturias;33689;661-053-223;982-368-196;salvadorgranell97@mail.es;08/01/1980;404;86;46;18991
1120;Eva;León;Mata;M;43343344M;Plaza Definición Azul 33, 2;Fuenlabrada;Madrid;28471;678-193-231;918-289-925;leon58@email.net;20/01/1987;261;176;60;15763
1121;María Carmen;Diz;Canet;M;07986152T;Plaza Cabildo 165, 2º;Tarrasa;Barcelona;8479;618-675-275;932-331-748;mariacarmendiz@mail.com;19/02/1958;101;310;59;23046
1122;José Luis;Fernández;Vela;H;46377185P;Calle del Unívoco Rojo 65, 5º 4ª;Barcelona;Barcelona;8458;660-600-598;939-740-844;fernandez46@mail.es;22/03/1933;138;426;66;19056
1123;Carmen;Sarabia;Escalante;M;98877171X;Paseo Disyunción Caliente 297, 5º 6ª;Gijón;Asturias;33649;684-849-710;985-086-429;sarabia65@email.es;12/12/1943;248;24;63;19472
1124;Manuel;Miralles;Alonso;H;94458083G;Plaza  Vivíparo Eficiente 144, 4º 1ª;Santander;Cantabria;39923;689-294-334;942-327-814;manmiralles@correo.es;10/06/1963;407;452;92;15282
1125;Manuel;Medina;Alonso;H;88767053W;Paseo de la Expulsión Mentirosa 143, 2;San Fernando de Henares;Madrid;28910;670-570-031;914-577-440;mmedina@correo.net;12/05/1968;245;350;73;16261
1126;Luis;Ruiz;Sánchez;H;73767019Q;Calle Vacío 286, 2;Madrid;Madrid;28874;638-663-004;919-936-740;ruiz100@email.net;20/05/1962;393;152;58;18198
1127;José Antonio;Tomas;Fernández;H;97999300A;Avenida de  Transmisión 131, 5;Tarragona;Tarragona;43548;649-307-839;977-730-095;tomas48@correo.es;03/04/1975;236;441;94;21163
1128;Luis;López;Pizarro;H;58935946X;Paseo de la Asimilación Difícil 144, 1;Córdoba;Córdoba;14321;670-917-041;957-145-714;luilopez@mail.com;07/08/1941;322;466;70;22505
1129;María;Escudero;Carrasco;M;56182724A;Calle el Endoplasmático Frío 55 bis, 1º;Alcalá de Guadaíra;Sevilla;41661;638-269-095;959-106-573;marescudero67@correo.com;28/05/1933;433;433;85;24709
1130;José Antonio;Cano;Suarez;H;70894765W;Avenida Expansión 25, 6;Onteniente;Valencia;46243;641-684-381;960-203-498;cano21@email.es;06/10/1987;30;318;74;22816
1131;Antonio;Lluch;Rodríguez;H;33274263W;Plaza Ortográfico Responsable 252, 2º 1ª;Jerez de la Frontera;Cádiz;11299;668-564-787;956-019-360;antoniolluch@mail.net;17/12/1949;40;368;70;18630
1132;Encarnación;Sánchez;Reina;M;58464451S;Plaza la Sociedad Nueva 21, 1;Elche;Alicante;3187;693-004-680;961-604-534;sanchez62@correo.com;25/08/1973;393;203;88;20134
1133;Ana María;Romero;Chávez;M;21261553P;Plaza de la Decisión 32, 2;Vic;Barcelona;8929;606-201-265;930-139-382;anaromero15@correo.net;26/09/1983;493;258;56;18024
1134;Carlos;Coll;Puga;H;42021303G;Paseo Erlemeyer Enfermo 283, 6º 2ª;Puenteareas;Pontevedra;36600;662-234-068;986-398-096;carcoll@mail.com;06/10/1969;102;455;66;20115
1135;Diego;Iglesias;López;H;44244249T;Plaza de  Abeja Fácil 5, 3;Vigo;Pontevedra;36886;693-028-438;986-980-095;d.iglesias@mail.es;20/04/1979;53;394;58;22714
1136;Jesús;Fernández;Salazar;H;01995723J;Calle Zooplancton 204, 3º 6ª;Baracaldo;Vizcaya;48597;682-150-838;940-744-871;jfernandez@email.com;27/12/1953;498;182;74;24334
1137;Sonia;Colas;Ferreira;M;74813080Z;Calle  Adquisición 131, 3;Palencia;Palencia;34111;633-679-114;979-818-709;colas36@email.com;24/02/1957;68;461;79;20746
1138;Isabel;González;Vera;M;46625355P;Avenida Monocárpico Lento 171, 2º;Zaragoza;Zaragoza;50504;616-702-170;976-342-945;igonzalez@mail.com;31/10/1942;266;270;91;17753
1139;Paula;Juan;Moro;M;23193144J;Avenida Construcción 165, 1º;Gerona;Gerona;17987;666-334-621;972-993-800;paulajuan@mail.es;14/01/1942;409;160;44;17712
1140;Elena;García;Medina;M;19924545J;Plaza  Septentrional 140, 4º 1ª;Telde;Las Palmas;35218;673-783-801;928-132-689;e.garcia@mail.net;20/12/1966;409;449;81;18166
1141;Luis;López;Calvo;H;61539124W;Avenida la Jurisprudencia Llorosa 6, 2;Alhaurín el Grande;Málaga;29006;676-712-980;950-415-516;luilopez@email.com;01/04/1994;499;20;31;17731
1142;María;Cañada;Yang;M;98465857M;Calle de  Intencionalidad 100, 3;Melilla;Melilla;52358;691-137-712;956-099-430;mcañada84@correo.com;17/11/1999;141;31;87;21987
1143;Jesús;Rodríguez;López;H;57749552W;Plaza del Laceramiento Liberal 73, 6º 2ª;San Bartolomé de Tirajana;Las Palmas;35855;621-693-829;928-042-752;jesusrodriguez@mail.net;30/10/1957;249;161;47;24564
1144;María Dolores;Martínez;Gual;M;74609147E;Avenida Obediencia 107, 1;Madrid;Madrid;28747;690-476-727;914-148-296;martinez77@email.net;14/08/1954;296;119;51;24684
1145;Alberto;Fernández;Araujo;H;82377515W;Calle del Concilio 138, 5;San Sebastián;Guipúzcoa;20325;600-320-134;943-335-966;albertofernandez87@email.net;23/12/1964;82;271;39;24972
1146;Juan José;Pérez;Mirón;H;22386633C;Calle Zambullida Baja 71, 5º;Santander;Cantabria;39088;618-928-881;942-085-300;juanjoseperez@mail.es;12/10/1957;127;325;68;17163
1147;Rosa María;Rubio;Vásquez;M;72034194B;Paseo  Fotometría Artística 300, 6;Algeciras;Cádiz;11859;617-408-652;956-655-813;rosrubio@email.com;03/03/1973;179;0;55;17285
1148;María Pilar;Gutiérrez;Espinosa;M;32131288N;Calle Concentración Seria 245, 6º;Valladolid;Valladolid;47329;625-248-847;983-509-822;mar.gutierrez@mail.es;27/09/1951;376;329;44;19142
1149;Patricia;Sánchez;Olmedo;M;39003817A;Avenida Eficiencia Cómica 206, 5º;Calahorra;La Rioja;26922;659-923-476;941-339-369;sanchez97@mail.net;12/08/1951;203;301;30;21391
1150;Carmen;García;Molina;M;77721741A;Paseo Objeción 228, 4º 6ª;Madrid;Madrid;28378;672-768-132;917-670-651;cgarcia@email.com;20/12/1993;155;426;81;18132
1151;Francisco;Alonso;Matilla;H;80208054Q;Calle Pacífico 209 bis, 4;Boadilla del Monte;Madrid;28075;631-890-471;918-556-878;alonso18@mail.com;11/01/1957;21;84;70;16247
1152;Nuria;Ruiz;Martin;M;24004829M;Avenida de  Novela 44, 3;Orihuela;Alicante;3946;692-459-775;962-641-216;ruiz97@mail.es;13/07/1951;323;311;40;22570
1153;Xabier;Aguado;Gutiérrez;H;33888169S;Calle el Bizcocho 88, 1;San Cristóbal de la Laguna;S.C. de Tenerife;38289;620-105-798;922-071-630;xaguado@mail.com;30/01/1953;246;439;79;18334
1154;Concepción;Aguado;Quirós;M;55844367E;Paseo de  Tradición 62, 5;Alfaz del Pi;Alicante;3580;639-980-723;961-456-423;conaguado@mail.es;07/12/1968;150;474;67;15106
1155;Ana María;Fuentes;Sanz;M;13775446X;Plaza  Excelencia 148 bis, 2º;Madrid;Madrid;28853;679-301-684;917-586-228;fuentes91@correo.com;08/09/1958;77;268;80;24015
1156;José María;Nieto;Martin;H;85669934V;Plaza de  Persistencia Sensata 234, 1º 4ª;Villanueva y Geltrú;Barcelona;8591;665-165-254;937-499-739;nieto36@email.net;16/06/1998;245;206;76;22567
1157;Ángel;Pérez;López;H;22830423W;Plaza  Plancton 24, 6º 4ª;Murcia;Murcia;30692;628-216-115;968-799-577;angperez91@email.com;13/03/1974;455;455;41;21603
1158;Adrián;Cabello;Casado;H;99022951Q;Plaza Adolescente Ansioso 31, 1;Arucas;Las Palmas;35293;665-978-330;928-997-189;adriancabello51@correo.com;10/01/1983;14;179;72;17789
1159;Alicia;Sánchez;Jurado;M;56119632T;Avenida Bisílabo 142, 2º;Los Realejos;S.C. de Tenerife;38457;684-590-661;922-524-632;sanchez92@mail.net;21/12/1935;61;430;43;18708
1160;María Carmen;Fernández;Molla;M;03699936H;Paseo Pasteurización Independiente 116, 4º 6ª;Barcelona;Barcelona;8534;662-460-767;936-770-598;fernandez30@email.es;13/10/1987;300;76;42;19740
1161;José;Martínez;Mangas;H;05780438D;Plaza de  Depresión 295 bis, 4º;Tortosa;Tarragona;43552;648-680-095;977-278-675;josemartinez85@email.com;12/09/1962;252;457;84;20092
1162;María Jesús;Del Olmo;Sanmartín;M;94654222E;Calle de  Diagnóstico Nuevo 6, 2º 5ª;Olot;Gerona;17963;612-188-970;972-577-323;mariajesusdelolmo@correo.net;15/08/1984;315;341;93;23967
1163;Pablo;Domingo;Rojas;H;01215464Y;Paseo de la Babilonia Brillante 133, 5º 2ª;Madrid;Madrid;28551;604-546-210;918-612-720;pdomingo@mail.es;15/04/1958;420;10;47;24585
1164;Ramón;Blanco;Terán;H;03859250B;Calle el Clavo Grande 107, 3;Níjar;Almería;4163;675-195-743;950-294-758;ramonblanco@correo.net;08/11/1972;276;99;71;15121
1165;Jaime;Romero;Gómez;H;48584013D;Paseo de  Reverencia 211, 6º 6ª;Madrid;Madrid;28226;644-560-293;915-676-719;jaimeromero77@email.es;23/02/1941;486;252;40;17273
1166;Antonia;Navarro;Amado;M;26421027F;Plaza Disección Caliente 230, 2;Molins de Rey;Barcelona;8717;641-156-619;939-464-301;ant.navarro@mail.com;15/04/1988;180;2;70;16485
1167;José Antonio;Martínez;Estepa;H;75309016R;Paseo Instructivo 212, 5º;Zaragoza;Zaragoza;50284;648-349-750;976-441-970;joseantoniomartinez@mail.com;23/12/1963;398;173;70;17762
1168;Manuela;Ruiz;Andrés;M;10781875G;Calle Barbarismo Artístico 5, 6º 4ª;Burgos;Burgos;9653;694-457-503;947-423-030;manruiz@email.net;03/12/1972;67;43;82;20874
1169;María;Aguado;Paredes;M;26186684B;Avenida Brevedad Sensata 2, 5º;Barcelona;Barcelona;8303;694-052-838;931-679-251;maraguado@email.net;11/02/1962;57;87;44;16758
1170;Mario;Gil;Pérez;H;04923270M;Avenida del Agudizamiento Lento 236, 3º;Barcelona;Barcelona;8145;695-515-930;936-213-520;mariogil91@mail.net;10/04/1999;347;125;86;18938
1171;Jorge;Castillo;Jiménez;H;27659061C;Plaza  Observación Sabia 156, 3;Alicante;Alicante;3294;650-526-897;965-959-047;jorgecastillo@email.com;29/07/1949;338;446;63;16523
1172;José Luis;Sánchez;González;H;68423106S;Plaza Bienvenida Nueva 148, 1º;Madrid;Madrid;28184;620-785-831;917-295-364;sanchez96@mail.net;11/11/1965;94;95;94;19007
1173;Ana María;Tolosa;García;M;88742545N;Calle Buenaventura Sincera 101, 1º 1ª;Madrid;Madrid;28104;624-933-649;919-562-175;anamariatolosa@email.es;14/05/1954;444;235;57;23544
1174;Carmen;Martos;Suarez;M;07835492J;Avenida la Convivencia Estricta 229 bis, 5;Barcelona;Barcelona;8831;628-185-482;935-168-642;carmen.martos@email.es;13/12/1988;481;325;35;16670
1175;Jesús;Corral;Morilla;H;94766516F;Calle de la Devastación Brillante 243, 2;Vitoria;Álava;1606;696-519-124;945-219-411;jescorral@correo.com;25/11/1961;281;140;54;16682
1176;Rosario;Martínez;Valverde;M;92749871W;Paseo Vulcanismo 178, 1º;Oviedo;Asturias;33747;640-218-428;987-940-392;rosariomartinez33@mail.es;08/01/1955;12;193;75;18620
1177;Javier;Nadal;Loureiro;H;62544217H;Calle Simposio Abierto 117, 2º 3ª;San Adrián de Besós;Barcelona;8821;696-161-271;930-566-315;jnadal94@correo.net;27/02/1954;360;69;45;15270
1178;Antonio;López;Madrigal;H;30130637Q;Plaza Viscosa Cruel 82, 5º 6ª;Barcelona;Barcelona;8843;646-900-459;931-739-264;antoniolopez91@mail.es;15/10/1987;248;405;77;22745
1179;Manuel;Méndez;Ceballos;H;19297749J;Plaza el Cautiverio Blanco 105 bis, 2º;Alicante;Alicante;3692;613-650-423;966-639-636;manmendez@mail.com;14/08/1954;307;30;48;24940
1180;José María;Vázquez;Arroyo;H;08516131J;Avenida Oleoducto Interesante 234, 2;Alicante;Alicante;3401;653-667-947;964-771-654;jos.vazquez@email.es;14/07/1934;44;159;92;23197
1181;Enrique;Jiménez;Martínez;H;79006940P;Calle de la Paciencia 40, 2º;Palma del Río;Córdoba;14516;668-060-538;957-110-608;ejimenez@mail.com;22/01/1974;499;24;98;20254
1182;María Teresa;Mayor;González;M;59726239T;Plaza del Ultimátum Audaz 294, 6;Madrid;Madrid;28338;600-900-696;915-918-512;mmayor@mail.es;27/02/1975;229;273;60;15710
1183;Paloma;Vázquez;Rodríguez;M;26217352C;Avenida la Concentración Independiente 168, 5;Badajoz;Badajoz;6116;638-199-642;924-969-092;palomavazquez@correo.es;19/02/1956;327;154;39;19202
1184;Isabel;García;Aramburu;M;34170989G;Calle de  Subvención Amorosa 111, 4;Villarreal;Castellón;12316;659-700-787;964-594-152;garcia96@email.net;17/10/1934;4;283;80;20376
1185;Gonzalo;González;Duarte;H;82772750M;Plaza Ave Sensato 93, 4;Móstoles;Madrid;28662;679-331-523;915-695-677;gonzalo.gonzalez@email.com;10/05/1933;452;399;77;15491
1186;Juana;Pastor;García;M;63629939W;Plaza Recesión 137, 2º;Murcia;Murcia;30383;633-584-454;968-598-505;jpastor74@correo.com;09/11/1953;232;206;99;23478
1187;Isabel;Martos;Hidalgo;M;86767036L;Calle Urgencia Gélida 215, 3º 4ª;Pamplona;Navarra;31758;664-090-818;948-671-972;isamartos@mail.net;09/08/1984;85;435;85;23468
1188;Daniel;Díaz;Guardiola;H;41772806E;Plaza Excavación 78, 5;Pamplona;Navarra;31910;697-995-412;948-224-725;danieldiaz@mail.com;17/07/1948;69;138;54;19581
1189;José;Blanco;Muñoz;H;10113087X;Calle Intervención 299, 4º;Barcelona;Barcelona;8820;647-765-875;931-555-023;jos.blanco@mail.net;15/03/1936;360;472;83;24503
1190;Enrique;Martínez;Martínez;H;37789646W;Plaza Adjetivo Agotado 9, 6º;Madrid;Madrid;28702;642-289-067;918-472-277;enriquemartinez@email.com;13/08/1937;114;25;59;22352
1191;María Carmen;Matei;García;M;68124360Q;Calle Abeja 270, 2º;Fuenlabrada;Madrid;28797;652-960-985;912-779-781;mmatei50@email.com;12/03/1984;262;379;39;16540
1192;Ana;Gallego;Domínguez;M;42615273E;Calle Advocación 256, 5;Barcelona;Barcelona;8806;691-036-128;936-971-370;gallego57@correo.net;27/10/1937;475;322;97;19244
1193;Alberto;Rodríguez;Fernández;H;47673571E;Paseo Inverso 114, 4º 3ª;Murcia;Murcia;30511;627-827-933;968-273-922;arodriguez@email.com;03/04/1971;485;12;97;17661
1194;Manuel;Vélez;Martínez;H;79132549Z;Plaza Relación Fuerte 203, 3º 5ª;Rubí;Barcelona;8773;644-980-373;934-105-482;velez71@mail.net;16/04/1986;398;215;78;16557
1195;Concepción;Graña;Rodríguez;M;09006633V;Avenida de  Bautismo Nuevo 102 bis, 6º;Arrecife;Las Palmas;35306;632-909-143;928-142-501;c.graña@mail.com;16/02/1978;124;481;97;22898
1196;Sonia;Zhu;Muñoz;M;29869271E;Plaza de  Bebida Valiente 172, 5º;Barcelona;Barcelona;8679;698-691-090;931-036-954;soniazhu87@correo.com;04/10/1975;371;493;72;20093
1197;Sergio;Mota;Mercado;H;51059890M;Paseo de la Autarquía Ancha 147 bis, 2º 1ª;Valencia;Valencia;46562;643-018-995;965-580-516;s.mota@correo.com;03/12/1981;25;87;100;16655
1198;Antonia;Morales;Sola;M;23589548N;Avenida de  Adverbio Interesante 170, 3;Fuenlabrada;Madrid;28648;655-923-098;917-492-355;morales11@email.es;31/12/1980;37;413;68;18506
1199;Miguel;Villar;Martin;H;60674997P;Calle  Sosiego Luminoso 264, 1º 1ª;Madrid;Madrid;28265;695-795-848;916-349-786;miguel.villar@correo.net;26/08/1993;330;302;55;18567
1200;José;Aragón;Mari;H;54594695D;Avenida la Complicación Humilde 97, 6º;Gijón;Asturias;33142;676-891-132;985-454-704;aragon94@mail.net;07/09/1944;237;445;52;15946
1201;Enrique;Ibáñez;Fuentes;H;66002715Y;Plaza Calvicie Rápida 71, 4º;Ames;La Coruña;15430;660-355-307;981-007-078;enr.ibañez@correo.net;23/05/1990;138;0;47;19228
1202;Pedro;Gutiérrez;Morales;H;54403547Z;Avenida Saber 131, 6;Valencia;Valencia;46070;650-593-332;961-731-453;pgutierrez30@correo.es;23/07/1939;181;295;95;15959
1203;Pedro;Pérez;Marcos;H;58583944T;Avenida Espermatozoide 174, 4º 1ª;Logroño;La Rioja;26578;604-647-234;941-274-725;perez20@mail.net;22/02/1933;266;338;67;21632
1204;Sara;Pedreira;Suarez;M;54287951Q;Avenida la Científica Suculenta 281, 5;Madrid;Madrid;28636;602-561-599;911-938-731;spedreira65@email.net;07/04/1952;479;162;91;23596
1205;José Antonio;Lobo;López;H;70917221X;Avenida de  Bióxido Cruel 286, 3;Alcorcón;Madrid;28389;613-147-632;916-272-238;lobo93@mail.net;10/01/1989;174;125;96;17641
1206;Alberto;Muñoz;Ferrer;H;06581803P;Paseo Precisión 233, 3º;Alcalá de Henares;Madrid;28889;692-088-718;913-951-207;albertomuñoz@mail.com;19/11/1963;137;330;54;16786
1207;Dolores;López;Fernández;M;21617582C;Calle Bisiesto Resplandeciente 63, 1º 1ª;Murcia;Murcia;30109;664-312-724;968-560-464;dolores.lopez@email.net;12/12/1997;491;421;66;23275
1208;Raquel;Rivas;Ortega;M;14061108N;Calle la Adhesión Mentirosa 183, 1º;Alicante;Alicante;3769;626-206-655;964-478-429;rivas33@mail.com;14/11/1985;460;226;78;19583
1209;Diego;Vázquez;Hernández;H;77845841H;Calle la Consideración 202, 2º;Hellín;Albacete;2612;649-908-369;967-229-760;diegovazquez71@email.com;04/10/1958;454;368;30;23599
1210;Ana María;Pérez;Moya;M;15505545A;Avenida Asia 25, 6º;Valladolid;Valladolid;47156;681-241-510;983-968-407;an.perez@mail.net;03/03/1969;94;443;40;24485
1211;María;Gutiérrez;Rodríguez;M;94036978Y;Calle  Repercusión 194, 1º 2ª;Granada;Granada;18477;611-635-632;958-165-192;gutierrez42@correo.es;05/12/1988;379;112;88;15459
1212;Isabel;Barrio;García;M;86051796X;Calle Adversativo 236, 1º 2ª;Barcelona;Barcelona;8074;690-585-335;934-812-305;barrio49@correo.net;21/05/1942;168;498;97;21298
1213;Fernando;Garrido;García;H;43901193N;Paseo del Comunicativo 197, 1º 2ª;Oviedo;Asturias;33271;653-502-286;987-994-472;fergarrido@correo.net;06/02/1954;186;243;63;24708
1214;Juan Carlos;Aliaga;Marín;H;19772451H;Paseo Existencia Difícil 134, 4;Almería;Almería;4188;678-493-257;950-254-179;aliaga52@correo.es;04/07/1986;3;373;48;23833
1215;Laura;Bayona;Hernández;M;39543092C;Avenida Connotación Enferma 24, 4º 6ª;Alicante;Alicante;3005;677-337-766;964-650-959;bayona93@correo.net;15/09/1948;113;226;83;15748
1216;Ana María;Carrasco;Juan;M;73624700K;Avenida Interespecífica 12, 3º 1ª;Mejorada del Campo;Madrid;28099;669-873-180;917-010-914;carrasco61@mail.net;20/10/1973;31;419;42;19141
1217;Elena;Díaz;Pascual;M;42739464J;Avenida el Clavo Gélido 203, 4;Castelldefels;Barcelona;8046;627-392-749;934-705-681;diaz23@mail.net;12/04/1975;55;112;42;19926
1218;Julia;Juárez;Sánchez;M;54406500T;Plaza el Abrupto 16, 5º 4ª;Ribeira;La Coruña;15058;640-839-260;981-236-615;jjuarez@mail.es;16/01/1965;307;294;71;23274
1219;María Dolores;Atienza;Rey;M;76279502W;Paseo  Relativo Moderno 119, 3º;Alfafar;Valencia;46068;635-653-727;960-556-564;mariadoloresatienza98@mail.es;05/12/1935;476;410;94;16933
1220;María Ángeles;Franco;Gómez;M;13178142Q;Avenida de  Magnánimo 57, 6º 2ª;Úbeda;Jaén;23806;685-844-558;953-026-832;mfranco@correo.es;04/06/1980;253;352;50;19680
1221;María Pilar;López;Salcedo;M;32817294C;Plaza Perezoso Generoso 114, 2º;Rincón de la Victoria;Málaga;29434;612-317-371;950-808-839;marilopez@email.com;10/01/1989;233;331;71;18253
1222;David;Freire;Martínez;H;68987755Z;Paseo Evaporación 175, 3º;Bilbao;Vizcaya;48622;621-510-707;944-480-309;david.freire@correo.net;23/05/1949;10;63;96;18028
1223;Ángeles;García;Rodríguez;M;45135726C;Plaza Escena Abierta 251, 1;Puerto de la Cruz;S.C. de Tenerife;38197;603-084-500;922-407-493;angelesgarcia49@email.com;06/08/1974;101;155;36;22112
1224;Isabel María;Sevilla;García;M;14875713A;Calle del Orgánulo 62, 1º;Madrid;Madrid;28965;697-525-877;917-571-258;sevilla73@correo.es;30/06/1994;486;409;85;16062
1225;Sara;Romero;Pereira;M;30488122N;Paseo  Reverencia Sonora 24, 3º 1ª;Oviedo;Asturias;33022;681-655-270;986-510-318;romero63@email.com;01/02/1961;211;111;36;19316
1226;José Antonio;García;Gómez;H;20307623A;Plaza la Grandiosidad 39, 3º;San Roque;Cádiz;11344;681-807-135;956-890-820;garcia18@mail.net;22/02/1938;80;113;79;15544
1227;Marc;Medina;Taylor;H;48475526J;Avenida Aconsejable 16 bis, 2;Colmenar Viejo;Madrid;28006;673-330-680;911-298-424;m.medina@email.es;18/04/1954;25;25;45;24774
1228;Rubén;Muñoz;Martin;H;73941642T;Paseo Provincia 78 bis, 6º;Alcorcón;Madrid;28811;637-731-228;916-643-459;rubenmuñoz@email.com;27/06/1988;273;186;83;24607
1229;Juan;Diego;De los Ríos;H;51961568Z;Avenida del Vulcanismo 173, 4º;Madrid;Madrid;28974;656-274-293;913-466-124;jdiego36@mail.com;08/12/1952;102;251;86;17037
1230;Juan;Benito;Merino;H;42077334F;Calle Ribosoma Independiente 78, 1º 1ª;Marbella;Málaga;29095;670-543-026;950-198-045;jbenito@mail.es;12/01/1951;86;85;81;17646
1231;Álvaro;Sánchez;Cañizares;H;69346322B;Avenida Bendición 273, 3º 5ª;Vigo;Pontevedra;36509;609-753-325;986-808-850;a.sanchez@email.com;10/12/1948;407;447;72;22168
1232;Vicenta;Singh;Heras;M;75155027C;Avenida Vestíbulo 151, 1º 1ª;Cáceres;Cáceres;10974;665-306-289;927-620-304;singh95@email.com;05/07/1987;27;118;66;23733
1233;María Dolores;Salas;Ndiaye;M;59820042D;Calle de  Vulcanismo Gentil 292, 3º;Murcia;Murcia;30110;616-113-605;968-764-803;mariadoloressalas@email.com;08/08/1963;433;139;78;18818
1234;María Jesús;Gálvez;Santana;M;96838618Q;Plaza de la Avidez Enferma 140, 2;Mogán;Las Palmas;35334;609-749-286;928-281-277;mgalvez47@correo.com;30/05/1975;254;40;93;18550
1235;Carmen;Segovia;Samaniego;M;43151764S;Plaza Vuelta Dulce 94, 5;Zaragoza;Zaragoza;50830;624-701-230;976-904-138;carmensegovia@email.com;04/09/1934;69;289;82;21173
1236;José Antonio;Gómez;Grau;H;62421287T;Paseo Disyunción Suculenta 189, 6º 6ª;Onteniente;Valencia;46403;677-869-113;965-457-279;jgomez25@mail.net;28/08/1967;464;91;46;24495
1237;Álvaro;Gutiérrez;Sánchez;H;58586342Y;Paseo Ocasión 189, 5;Bilbao;Vizcaya;48399;651-819-788;942-186-987;alvarogutierrez58@correo.com;27/10/1963;206;363;51;24030
1238;José Manuel;Espino;Belmonte;H;79469005A;Paseo Fácil 61, 2º;Plasencia;Cáceres;10499;611-416-446;927-827-949;josespino@correo.es;25/01/1942;268;213;48;17009
1239;Francisca;Moreno;Jiménez;M;69879317G;Paseo Agudizamiento 135, 2º;Ponferrada;León;24212;667-883-973;987-299-058;framoreno@correo.com;12/04/1945;318;165;39;20581
1240;Jorge;García;Dumitru;H;95345619Q;Plaza Canción 259, 4º 2ª;Pozuelo de Alarcón;Madrid;28539;617-089-057;917-573-335;garcia24@correo.es;28/12/1990;71;164;39;19485
1241;Miguel Ángel;Amador;Fernández;H;06566246E;Avenida  División 206, 6;Figueras;Gerona;17504;676-492-957;972-504-841;amador35@email.net;12/09/1969;248;384;46;23580
1242;María Dolores;Palomares;Iglesias;M;11301716E;Paseo Basílica Estricta 106, 1;San Feliú de Llobregat;Barcelona;8190;620-573-920;930-850-835;mar.palomares@email.net;19/03/1977;99;5;71;19162
1243;José Ramón;Hernández;Jiménez;H;03100443C;Calle  Tradición Enferma 145, 5º 5ª;Villajoyosa;Alicante;3961;655-399-533;967-931-566;joshernandez@mail.net;06/07/1972;461;129;77;20282
1244;Juana María;Vázquez;Gimeno;M;58326615H;Avenida Proverbio 235, 5;Alcalá de Guadaíra;Sevilla;41752;627-502-068;958-316-732;j.vazquez@mail.es;29/07/1974;298;40;82;19779
1245;David;Ruiz;Ruiz;H;35950664P;Plaza  Acaecimiento 97, 4º 3ª;Málaga;Málaga;29693;687-666-413;951-016-807;ruiz85@mail.com;21/07/1953;235;78;61;18207
1246;Josefa;Fernández;Rodríguez;M;39032183X;Avenida Décimo 235, 2;Morón de la Frontera;Sevilla;41463;653-682-252;951-342-716;jos.fernandez@correo.es;25/04/1994;279;394;79;19525
1247;Pablo;Sánchez;Milán;H;27576564R;Paseo de  Resistencia 136, 6;Santa Pola;Alicante;3481;662-607-105;967-140-167;psanchez@correo.net;29/04/1984;98;125;89;17552
1248;Juan Carlos;Vargas;Ortega;H;16636805P;Paseo la Discriminación 1, 4;Denia;Alicante;3303;607-196-578;968-701-973;vargas97@correo.com;12/12/1948;190;143;94;17484
1249;Antonio;Blanco;Domínguez;H;22135262Q;Plaza de la Sustentación Estudiosa 208, 4º;Jerez de la Frontera;Cádiz;11824;677-007-535;956-582-078;ablanco79@mail.net;04/06/1977;209;254;51;24844
1250;María Dolores;Delgado;Salvador;M;69080832X;Paseo Bebida Compasiva 146, 4º;Valencia;Valencia;46185;623-182-357;967-872-992;maridelgado@email.com;26/03/1999;245;432;60;15231
1251;Javier;Hurtado;Sánchez;H;72737615T;Paseo de  Obsesión Aburrida 101 bis, 2;Barcelona;Barcelona;8820;654-503-349;935-030-001;hurtado64@mail.net;18/06/1970;111;444;85;22864
1252;Francisca;Casas;Gómez;M;35942277Q;Plaza  Barbarismo 63 bis, 5º 2ª;Gerona;Gerona;17873;637-759-315;972-585-778;fcasas@correo.es;22/05/1981;142;258;54;24723
1253;Manuel;Álvarez;Pérez;H;13996267P;Calle de la Enseñanza 154, 6º;Coria del Río;Sevilla;41482;656-136-022;959-547-455;manuelalvarez67@mail.es;14/08/1944;72;339;55;15135
1254;Julen;Mayordomo;Rabadán;H;35320483G;Paseo Fotólisis 271, 5º;Dos Hermanas;Sevilla;41885;659-661-962;950-218-194;jmayordomo@email.es;11/12/1939;360;161;67;15693
1255;David;Gallardo;Arribas;H;05259753K;Plaza  Micrótomo 123, 2º 3ª;Alicante;Alicante;3284;603-762-936;969-887-166;gallardo71@mail.com;04/03/1987;396;274;35;19528
1256;María Carmen;Sánchez;Rodríguez;M;37011273H;Paseo de lo Aconsejable 199, 4º;San Andrés de la Barca;Barcelona;8270;609-019-901;935-480-506;msanchez@mail.com;04/01/1934;137;156;51;23847
1257;Mustafa;Sánchez;Morera;H;76569093T;Calle Definición Simpática 71, 6;Tres Cantos;Madrid;28417;655-009-966;911-173-039;mussanchez@mail.com;27/03/1937;471;229;46;18436
1258;Julián;López;Rodríguez;H;96659069M;Avenida  Neologismo 91, 4º 2ª;Castrillón;Asturias;33207;640-156-157;985-572-216;j.lopez@correo.es;11/06/1988;445;26;77;20720
1259;Eduardo;Palacios;Gómez;H;88688234G;Calle  Egipto 271, 2º 4ª;San Vicente del Raspeig;Alicante;3132;650-220-240;965-438-795;eduardopalacios@email.es;11/04/1976;204;495;45;20010
1260;Mónica;Moreno;Bonilla;M;51655156P;Avenida Vivíparo 195, 3º 2ª;Granada;Granada;18020;618-691-828;958-733-291;monicamoreno@mail.es;01/02/1972;500;169;57;18549
1261;Rosa María;Barroso;Sánchez;M;08022048Q;Avenida  Oleoducto Frío 287, 1º;Jaén;Jaén;23208;688-410-135;953-759-064;rosbarroso@email.es;13/10/1957;19;104;85;20932
1262;Elena;Bermúdez;Díaz;M;23950918Y;Avenida Celebración 134, 5º 2ª;Gijón;Asturias;33749;664-824-823;984-898-520;e.bermudez@email.com;18/01/1971;421;342;44;23896
1263;Josefa;Ríos;López;M;17984277W;Calle del Hiperónimo Etéreo 67, 6º;Barcelona;Barcelona;8165;657-880-052;939-496-728;rios77@correo.es;19/10/1936;401;257;42;17694
1264;José María;Cruz;García;H;35741305H;Paseo Básico Albo 265, 3º 3ª;Madrid;Madrid;28061;623-679-039;917-179-139;jcruz@email.net;26/09/1999;235;261;96;21328
1265;José Manuel;Rodríguez;Lima;H;58634744Q;Avenida de  Ciencia 276, 6;Estepona;Málaga;29837;606-257-241;957-380-114;jrodriguez59@email.es;31/05/1947;337;186;37;21036
1266;Luis;Alonso;Carvajal;H;62216190V;Plaza Símbolo 91, 3º 4ª;Alcalá de Henares;Madrid;28778;660-572-841;918-601-179;luialonso84@mail.net;24/02/1957;423;239;86;21565
1267;Mohamed;López;Ibarra;H;90494658P;Avenida  Joule 225 bis, 2;Arrecife;Las Palmas;35561;627-367-724;928-232-670;lopez31@email.net;10/11/1999;441;142;100;21626
1268;Ana;Ruiz;Pérez;M;37652915Y;Plaza de la Selva 242, 3;San Pedro de Ribas;Barcelona;8790;683-677-307;930-156-866;anaruiz@email.net;14/07/1980;288;163;57;19251
1269;María Teresa;Crespo;Castro;M;23604679D;Avenida de  Psíquico Rápido 42, 1º;San Juan Despí;Barcelona;8282;663-036-224;933-751-888;mar.crespo@email.com;06/08/1993;252;323;90;16885
1270;María Ángeles;Ojeda;González;M;32419000V;Paseo Abstención Suculenta 282, 2º;Murcia;Murcia;30621;672-398-894;968-080-828;mar.ojeda@email.es;04/06/1959;46;329;48;20642
1271;Jesús;González;González;H;25211670J;Avenida la Abeja Artística 43, 1º 3ª;Langreo;Asturias;33374;666-876-235;983-241-645;jesgonzalez@correo.es;28/02/1961;139;405;98;18499
1272;Ángel;Marín;Vera;H;27540624X;Paseo de la Nueva Nueva 140, 2º 4ª;Fuenlabrada;Madrid;28473;650-336-596;918-808-075;amarin@correo.com;06/04/1981;428;139;48;21266
1273;Concepción;Nieto;Garmendia;M;90043017H;Paseo la Física Sincera 288, 6;Benalmádena;Málaga;29867;616-003-404;959-517-898;nieto55@correo.net;23/02/1935;165;314;49;18057
1274;Elena;Blanco;Ruiz;M;42232843J;Paseo Movilidad 276 bis, 4;Castrillón;Asturias;33532;618-563-630;981-782-195;ele.blanco@email.es;30/04/1988;276;164;92;15881
1275;Jesús;Lobato;Martin;H;25119076V;Plaza de la Zootecnia Suculenta 174, 2º;Santander;Cantabria;39808;656-501-024;942-568-352;jeslobato@mail.es;12/07/1933;491;74;79;15623
1276;María;Martin;Barahona;M;73782666T;Plaza la Procesión 256, 3;San Sebastián;Guipúzcoa;20839;682-845-533;943-115-483;mmartin@mail.net;19/12/1955;464;299;72;16899
1277;Carlos;Vela;Aguilar;H;64223380C;Avenida lo Abovedado Nuevo 266, 3;Palma de Mallorca;Islas Baleares;7618;609-533-828;971-390-846;carlosvela@correo.com;14/07/1963;213;29;54;23559
1278;María Jesús;Hernández;Adrian;M;86585617R;Avenida Vulnerable 61, 2;Alcalá de Henares;Madrid;28489;651-253-640;914-658-425;marihernandez21@mail.net;21/03/1998;353;323;54;23550
1279;Antonia;Serrano;Rincón;M;15960602M;Calle Transición 93, 5º;Valdemoro;Madrid;28939;636-025-873;916-583-325;a.serrano@correo.es;18/02/1984;219;432;57;21968
1280;Juan Carlos;Cruz;Acedo;H;63376667Y;Avenida la Fábula Eficiente 6, 5º 5ª;Villarreal;Castellón;12253;612-687-541;964-147-495;juacruz@correo.es;24/05/1982;170;322;64;17530
1281;Carmen;López;Pascual;M;95391921L;Plaza Adhesión 100, 3;Manlleu;Barcelona;8209;630-415-793;935-756-184;car.lopez@correo.net;27/01/1993;207;257;81;17698
1282;Lucia;Peralta;López;M;78285949K;Calle  Bióxido Compasivo 44, 2º;Palma de Mallorca;Islas Baleares;7542;680-194-068;971-560-607;lucia.peralta@mail.com;12/03/1992;127;230;78;21063
1283;Francisco Javier;Lázaro;López;H;04522646H;Paseo el Endocrino Suculento 105, 2;Alicante;Alicante;3593;673-628-572;968-320-415;francisclazaro@mail.net;18/08/1996;348;220;80;16112
1284;Antonio;Villar;Muñoz;H;62117597W;Plaza de  Exigencia Aburrida 148, 5;Pozuelo de Alarcón;Madrid;28979;631-411-548;916-247-672;antvillar@correo.com;05/09/1938;98;296;67;16947
1285;José;Ballesteros;Soria;H;60793866J;Calle  Divulgación 90, 5º;Granollers;Barcelona;8955;659-621-256;933-442-539;ballesteros42@mail.com;28/06/1953;13;177;95;23855
1286;Raquel;Florido;Miranda;M;70315131Z;Calle de  Asimilación Valiente 12, 6;Palma de Mallorca;Islas Baleares;7488;686-206-682;971-324-973;rflorido85@correo.net;30/09/1947;1;218;63;24634
1287;Alejandro;Carretero;Barreiro;H;99398248E;Calle Obediencia Alta 110 bis, 2º;Almuñécar;Granada;18105;635-208-885;958-715-942;alejandrocarretero@email.net;09/04/1973;340;486;54;24153
1288;Jaime;Calzado;Lara;H;72208307Z;Calle lo Invisible Pequeño 201, 5;Arganda del Rey;Madrid;28030;660-572-627;919-770-993;jcalzado93@email.com;27/10/1933;286;185;68;16418
1289;Rosa María;González;Lobato;M;58432640J;Calle  Experiencia 260, 4º 2ª;San Cristóbal de la Laguna;S.C. de Tenerife;38161;673-327-037;922-598-629;gonzalez70@correo.net;24/10/1963;408;458;50;15084
1290;Manuela;Herrero;Gómez;M;59418670X;Plaza de  Expansión Resplandeciente 89, 4;Mislata;Valencia;46195;605-683-940;967-789-093;m.herrero@correo.net;30/11/1985;368;231;99;18080
1291;Daniel;León;Pons;H;92553340Y;Plaza Insercción Ordenada 120, 4º 6ª;El Vendrell;Tarragona;43212;664-170-933;977-684-375;dleon@correo.com;05/12/1957;480;432;78;17325
1292;María Carmen;San Román;San José;M;76318094T;Calle Exhibición Blanca 134, 6º;Rosas;Gerona;17399;698-911-620;972-803-181;marsa@email.es;23/09/1980;497;482;43;19179
1293;María;Cardona;Moreno;M;09873169M;Avenida  Hidrólisis Deportiva 108, 3º 4ª;Mairena del Alcor;Sevilla;41652;696-221-214;958-153-229;marcardona@email.net;13/12/1949;131;159;60;17524
1294;Miguel;Lozano;Salvatierra;H;32056841Q;Calle Persuasión Estudiosa 19 bis, 3º 3ª;Elda;Alicante;3647;600-225-997;969-598-833;lozano11@correo.net;28/11/1934;258;363;32;19096
1295;Juana;Gálvez;Sánchez;M;23485023E;Paseo Bivalente Bondadoso 124, 4º 5ª;Rivas-Vaciamadrid;Madrid;28823;607-480-755;915-631-363;juagalvez30@mail.com;12/05/1986;360;191;79;22264
1296;Elena;Herrero;Fernández;M;50999337B;Calle Proverbio Inquebrantable 100, 1;Almería;Almería;4748;657-497-743;950-020-612;eherrero@email.net;31/05/1936;234;2;62;23312
1297;José Antonio;Aguero;Martínez;H;52910234E;Paseo lo Macrométrico Gentil 229, 3;Vall de Uxó;Castellón;12549;696-708-145;964-894-549;josaguero@email.es;13/09/1993;466;388;88;20328
1298;María Carmen;Llamas;Arce;M;40931393H;Calle  Concilio Pequeño 260, 6;Córdoba;Córdoba;14627;633-675-092;957-312-349;m.llamas@email.com;16/08/1939;442;130;77;17706
1299;María Carmen;Fernández;Vidal;M;35513563E;Plaza Examen Ansioso 46, 5;Valladolid;Valladolid;47696;644-118-748;983-703-786;fernandez92@mail.es;22/02/1993;174;263;58;16122
1300;Sonia;Rodrigo;Garrido;M;51949192N;Plaza de  Sosiego 93, 1;Erandio;Vizcaya;48040;665-046-854;946-351-418;son.rodrigo@email.net;04/09/1944;11;468;54;24805
1301;Rosario;Castells;Escobedo;M;62401234A;Avenida  Lumen 299, 2º;Barcelona;Barcelona;8387;667-245-053;938-336-727;rosario.castells@email.com;24/03/1942;415;187;74;21995
1302;José;Ríos;Sánchez;H;72685876B;Calle Torbellino 207, 1;Salamanca;Salamanca;37188;603-669-409;923-369-050;josrios73@correo.net;22/11/1959;204;16;95;19608
1303;Juan;Álvarez;Martínez;H;66969461Q;Plaza del Crecimiento 63, 5;Málaga;Málaga;29934;688-790-666;954-630-799;jalvarez@email.es;09/12/1988;374;43;80;16242
1304;Francisco;Martin;Martin;H;89922090W;Avenida  Fisiología 223, 2º;Zaragoza;Zaragoza;50135;621-545-983;976-589-784;fmartin@correo.net;07/04/1971;113;291;67;21199
1305;José María;Murillo;Bueno;H;85964367G;Calle la Abstinencia Inquebrantable 90, 5;Móstoles;Madrid;28863;641-502-999;919-549-629;josemariamurillo@correo.es;11/05/1964;155;345;70;17815
1306;Juan;Sánchez;Serrano;H;75225031N;Plaza Transcripción 251, 2;Alcobendas;Madrid;28701;668-801-764;916-118-744;jsanchez99@correo.es;01/11/1986;497;417;73;17965
1307;Manuel;Peñalver;García;H;13863534P;Paseo  Función 193 bis, 4;Santiago de Compostela;La Coruña;15864;686-236-825;981-472-798;manuelpeñalver@correo.net;11/02/1999;214;259;84;17253
1308;Javier;Monge;Delgado;H;75714993M;Plaza Grandiosidad Aurífera 10, 5º 3ª;Móstoles;Madrid;28953;680-850-475;914-109-724;j.monge@email.net;03/02/1934;358;388;45;21686
1309;Cristina;Ordoñez;Mendoza;M;26611928P;Paseo Introducción 98, 4;Valencia;Valencia;46264;634-427-188;967-220-943;cristina.ordoñez@mail.es;02/08/2000;265;387;81;19843
1310;Alejandro;Martínez;Lema;H;95151269Q;Avenida el Adherente 107, 5º 6ª;Zaragoza;Zaragoza;50404;659-683-940;976-630-636;amartinez25@email.es;11/03/1941;306;488;89;22373
1311;Ramón;Benito;Asensio;H;65068059R;Plaza de  Oleoducto Enfermo 299, 6º 4ª;Logroño;La Rioja;26058;688-381-960;941-570-608;rambenito53@mail.com;06/12/1961;97;298;30;24902
1312;María Carmen;García;Hernández;M;86930713M;Plaza Insercción Etérea 155, 2º 6ª;Madrid;Madrid;28249;620-566-678;911-063-710;marigarcia@mail.net;04/09/1977;345;399;45;15804
1313;Alejandro;Muñoz;Amaro;H;95367740B;Paseo Bombilla Madura 188, 3º;Avilés;Asturias;33716;691-354-984;986-349-683;a.muñoz@mail.com;09/11/1961;405;84;65;22359
1314;Rubén;Soria;Navarro;H;22388432W;Paseo de  Comezón 162, 1º 2ª;Alcobendas;Madrid;28058;666-776-539;911-619-116;rubsoria89@email.com;25/12/1958;231;445;61;19033
1315;María Pilar;Medina;Castro;M;98564710G;Plaza Simposio Luminoso 3, 2;Almuñécar;Granada;18133;690-198-281;958-173-672;mar.medina@correo.es;09/04/1935;40;321;41;21547
1316;María;Ruiz;Gordo;M;74455655D;Plaza Biosfera Aurífera 216, 4;Majadahonda;Madrid;28503;629-306-027;915-949-991;marruiz@correo.com;22/10/1939;172;283;40;16809
1317;María Carmen;Barba;Hierro;M;24671125Z;Calle Capilaridad 229, 6º 4ª;Alicante;Alicante;3884;630-955-944;969-344-703;maribarba@email.net;31/12/1965;262;246;37;23047
1318;Antonio;Gago;Aguilera;H;52402855T;Avenida Irregular Mala 148, 3º 6ª;Llucmajor;Islas Baleares;7477;620-939-018;971-647-982;antoniogago@mail.com;02/10/1971;22;484;37;18572
1319;José Luis;Matesanz;Rodríguez;H;31098420M;Plaza Frugívoro 237, 5;Lucena;Córdoba;14133;689-897-192;957-531-923;matesanz5@correo.com;19/01/1998;384;75;59;21072
1320;María;Alves;Peñalver;M;62770710F;Paseo Adherencia 92, 1;Culleredo;La Coruña;15976;613-227-175;981-127-091;mariaalves@mail.net;04/03/1993;6;440;50;17668
1321;Rafael;López;Llinares;H;40028565D;Plaza Abiótico Liberal 88, 3;Madrid;Madrid;28192;654-055-139;915-585-617;rafaellopez59@mail.es;17/08/1962;265;452;67;17201
1322;Ana;Vidal;Fernández;M;48948513M;Paseo de  Bisílabo 233, 4;Madrid;Madrid;28353;639-560-560;919-746-005;anavidal@email.net;04/08/1978;255;320;38;15812
1323;Antonio Jesús;Centeno;Ramírez;H;50559559Q;Paseo de la Juventud 108, 3º 3ª;Alcantarilla;Murcia;30733;630-682-884;968-944-437;antoniojesuscenteno51@email.com;01/09/1934;448;362;64;15439
1324;Enrique;Cobos;Moreno;H;59926280X;Paseo del Agobiante 145, 5º 4ª;Zaragoza;Zaragoza;50291;649-372-717;976-852-285;enrique.cobos@mail.com;12/03/1933;65;127;35;23675
1325;Miguel;Barrio;Ortuño;H;37446749N;Plaza de la Auscultación 164, 2;Madrid;Madrid;28269;662-277-306;914-195-587;miguelbarrio79@email.com;01/07/1945;30;311;70;21332
1326;Jesús;Ruiz;Ramírez;H;82968818K;Avenida Selva 5, 5;Burgos;Burgos;9998;610-435-212;947-739-826;ruiz1@correo.es;02/10/1961;148;458;30;15523
1327;Oriol;Suarez;Hernando;H;99169482Z;Calle de la Sucesión 107, 5º;Guadalajara;Guadalajara;19369;680-517-853;949-515-874;suarez40@email.es;20/07/1978;419;348;32;22279
1328;Carmen;Castillo;Carvajal;M;36292930B;Paseo de  Abnegación Nueva 55, 4;Vitoria;Álava;1522;654-702-981;945-099-115;carcastillo@mail.com;18/08/1938;408;1;66;24093
1329;Mónica;Carrasco;Pina;M;17960462S;Paseo Espermatozoide 209, 4º 1ª;Barcelona;Barcelona;8905;630-566-775;933-839-920;monica.carrasco@mail.es;27/09/1950;426;498;100;23019
1330;Lucia;Delgado;Paredes;M;06201614D;Plaza Frase Luminosa 205, 5;Torrejón de Ardoz;Madrid;28492;613-884-666;919-490-777;luciadelgado43@mail.net;09/08/1958;306;203;50;24786
1331;Lucia;Mata;Trueba;M;61803123F;Calle  Procesión Ancha 97, 1º 6ª;Valencia;Valencia;46720;683-668-241;966-339-781;mata59@mail.es;26/11/1947;130;293;41;24455
1332;María Josefa;Izquierdo;Martínez;M;34240046S;Plaza Transferencia Generosa 44, 6º 2ª;Oliva;Valencia;46732;600-919-307;962-368-086;mariizquierdo@correo.net;05/10/1974;69;204;64;19418
1333;Juan;Arrieta;Fernández;H;30922480S;Paseo Habladuría Fría 133, 4º 1ª;Salou;Tarragona;43181;605-618-058;977-691-438;jarrieta@correo.es;02/03/2000;406;453;48;22287
1334;Álvaro;García;Santos;H;97075986R;Paseo de  Responsabilidad Vieja 158, 1º 1ª;Roquetas de Mar;Almería;4322;620-160-279;950-186-271;alvgarcia@correo.com;08/03/1996;22;247;95;15606
1335;Joaquín;Guzmán;Molinero;H;61526486Z;Plaza Lumen 270, 2;Toledo;Toledo;45431;620-300-167;925-903-756;joaquinguzman@correo.net;30/11/1933;261;499;34;22687
1336;Pere;Ortega;García;H;77072038G;Calle  Maquinaria Sonora 185, 6;Barcelona;Barcelona;8827;601-441-649;932-107-123;pereortega@mail.com;22/03/1958;487;326;35;24176
1337;Jorge;Moreno;Sánchez;H;57050937N;Paseo Espermatozoide 135, 2;Benidorm;Alicante;3772;665-843-481;967-024-536;moreno32@correo.net;25/12/1987;327;493;42;24615
1338;Santiago;Luna;Ortiz;H;03084475Z;Plaza de la Veracidad 244, 5º;Almuñécar;Granada;18195;632-938-141;958-467-198;sanluna@email.es;28/08/1977;238;49;30;18939
1339;Vicente;Cerda;Castello;H;24240878M;Paseo la Grandiosidad 289, 3º 4ª;Torrevieja;Alicante;3285;617-436-883;964-039-224;cerda7@correo.es;12/09/1980;289;69;66;16668
1340;Salvador;Cánovas;Rodríguez;H;57949107D;Plaza de  Turgencia Humilde 169, 1º 3ª;Puenteareas;Pontevedra;36657;629-187-821;986-670-545;salcanovas31@mail.es;26/12/1939;499;430;71;23706
1341;Francisco;Sanz;Maldonado;H;06130062X;Calle Ascendencia 232, 1º 2ª;Cartagena;Murcia;30371;635-569-322;968-906-761;franciscosanz35@mail.com;02/03/1969;290;275;95;21364
1342;Francisco;Sarabia;Orihuela;H;76902587V;Avenida Distribución 278, 4º;Madrid;Madrid;28376;633-850-796;913-422-146;sarabia60@email.net;28/07/1993;283;182;76;20177
1343;María Pilar;Jiménez;Cepeda;M;71600616Y;Avenida Recepción Sonora 189, 4º;Lorca;Murcia;30248;687-814-224;968-239-270;m.jimenez@mail.net;21/12/1942;54;369;98;22986
1344;José Luis;Roldan;López;H;33823819L;Plaza Expresiva Gentil 163, 5º 1ª;Lejona;Vizcaya;48227;655-392-734;944-493-963;jos.roldan@correo.net;06/09/1988;49;67;44;17877
1345;Silvia;Pérez;Colmenero;M;62505394L;Calle Hipertensión 128, 2º;Zaragoza;Zaragoza;50031;687-413-270;976-417-486;silperez8@email.net;18/02/1952;433;52;43;16899
1346;Esther;Hernández;Martin;M;00992166S;Plaza del Origen 3, 1º;Tarrasa;Barcelona;8511;632-725-039;931-102-317;e.hernandez@email.com;21/02/1975;336;287;78;19782
1347;Joan;Mercado;Chamizo;H;71198620G;Paseo de la Conversión Inteligente 89, 2º;Hospitalet de Llobregat;Barcelona;8684;632-405-068;935-271-490;joan.mercado@email.net;28/06/1993;49;180;43;16214
1348;Enrique;Mariño;Alcántara;H;84486848M;Avenida de  Estrella Alta 179, 4º 2ª;Lejona;Vizcaya;48924;614-994-363;949-362-437;enrique.mariño@correo.net;02/01/1998;49;151;89;18620
1349;Josefa;Llanos;Campos;M;00350296Y;Avenida Báscula 265, 3º;Lérida;Lérida;25391;647-231-865;973-092-426;josllanos34@mail.net;27/10/1974;146;135;95;24611
1350;Antonio;Expósito;Nadal;H;99621882G;Avenida del Aval 125, 5º;Madrid;Madrid;28704;685-613-104;911-823-006;antonioexposito@email.net;15/04/1980;314;447;86;15358
1351;Manuel;Alcalde;Lujan;H;54484759J;Paseo  Centesimal Deportivo 159, 2º;León;León;24668;613-313-025;987-112-937;manuelalcalde51@correo.es;13/04/1946;192;262;47;16653
1352;María Carmen;Escobar;Sánchez;M;70758635D;Calle Evolución 290, 6º;Cartagena;Murcia;30879;673-444-788;968-219-730;m.escobar@mail.net;09/06/1942;264;137;93;18082
1353;Pedro;Casal;Mota;H;97901003P;Paseo Nueva Cruel 71, 6º 4ª;Tarrasa;Barcelona;8589;618-654-915;934-260-117;pedcasal@mail.com;30/01/1992;323;116;30;22679
1354;María Begoña;Jiménez;Lucas;M;05617746L;Avenida Cautiverio Frío 46, 4º;Valencia;Valencia;46002;641-992-924;961-171-203;marjimenez@mail.es;05/11/1946;475;261;89;15801
1355;María Carmen;Lloret;Iglesias;M;93932285D;Calle Aristocracia 56, 5º;Arrecife;Las Palmas;35496;623-058-971;928-259-588;marilloret@mail.net;23/01/1965;81;368;42;24450
1356;Juan Carlos;Garriga;Domenech;H;88096736C;Plaza Reverencia 173, 2º;Ribarroja del Turia;Valencia;46627;608-454-886;960-309-604;jgarriga38@mail.net;06/07/1970;474;82;38;16602
1357;Inmaculada;Martin;Vila;M;16619502R;Plaza Posibilidad 266, 1º;Onda;Castellón;12362;678-252-637;964-652-982;inmmartin@email.com;17/11/1955;339;323;38;23683
1358;José Antonio;Casanova;Sampedro;H;09604488X;Calle Evaporación 190, 3º;Valencia;Valencia;46968;602-076-153;963-905-665;joscasanova20@email.com;14/08/1998;100;167;61;15127
1359;Daniel;Gallardo;Pérez;H;42406077B;Calle Adversidad 183, 1;Madrid;Madrid;28168;662-945-536;915-791-631;gallardo86@mail.com;28/11/1963;11;36;72;15730
1360;José Luis;Martínez;García;H;04683802J;Avenida Eficiencia 129, 5º;Madrid;Madrid;28073;603-196-939;914-686-744;josmartinez38@mail.es;21/06/1961;180;75;73;24927
1361;María Dolores;Pons;Sosa;M;38821663D;Avenida la Transfusión 29, 4º 6ª;Reus;Tarragona;43704;638-393-880;977-966-130;pons81@email.net;25/05/1951;486;313;94;16044
1362;María Concepción;Macho;Menéndez;M;69523592C;Plaza Hidrógeno Brillante 199, 2º 3ª;La Oliva;Las Palmas;35212;617-705-324;928-770-506;m.macho@mail.com;02/05/1967;118;61;71;16575
1363;José;Ríos;López;H;60147343C;Paseo Vertebrado 223, 1;Santiago de Compostela;La Coruña;15614;624-681-590;981-239-819;j.rios@email.net;02/04/1954;46;321;52;17645
1364;Iván;Serra;Conde;H;08024687X;Avenida la Transmisión Dulce 260, 4;Arona;S.C. de Tenerife;38618;679-383-105;922-835-614;iserra63@mail.net;29/02/1984;347;484;58;22167
1365;Alejandro;Pérez;Gavilán;H;51078029C;Avenida de  Oficial Estudioso 234, 1º;Madrid;Madrid;28507;680-808-134;916-724-225;alejandroperez40@correo.es;24/02/1933;0;425;72;16226
1366;Óscar;Lora;Núñez;H;28554288H;Avenida la Hidrólisis 258, 3º 2ª;Lugo;Lugo;27881;680-059-812;982-913-143;osclora78@email.es;19/03/1962;95;444;74;23125
1367;María Ángeles;García;Lorenzo;M;79774675A;Calle de la Absolución 233, 4;Madrid;Madrid;28359;643-455-619;911-317-226;margarcia@email.es;23/12/1936;179;211;86;16104
1368;Beatriz;Cervera;Salas;M;01192381S;Calle Universo 281, 1º 1ª;Badajoz;Badajoz;6481;667-846-218;924-079-916;beatrizcervera@email.com;26/12/1972;492;482;50;16649
1369;Juana;Benítez;Blanco;M;91791941E;Paseo Insercción 56, 3;Barcelona;Barcelona;8979;624-893-692;935-962-051;juanabenitez@mail.com;21/05/1970;322;316;64;22715
1370;David;Suarez;Pérez;H;86611512K;Plaza Batalla 38, 4º;Gijón;Asturias;33373;684-255-228;989-157-105;dsuarez58@correo.es;30/10/1946;485;149;32;18945
1371;María Ángeles;Quirós;Mercado;M;79312895V;Plaza Verosímil Abierto 107, 2;Pontevedra;Pontevedra;36247;658-558-225;986-876-846;marquiros@correo.es;26/01/1975;269;443;96;24708
1372;José;Castro;Poveda;H;98821857B;Paseo Concilio Blanco 23, 3;El Puerto de Santa María;Cádiz;11383;645-877-969;956-339-588;josecastro49@mail.net;11/11/1934;261;120;94;21478
1373;Pedro;Sánchez;Valle;H;69281433M;Avenida Jurisdicción Enferma 128, 3º;Chirivella;Valencia;46384;692-390-968;961-486-647;sanchez33@mail.es;26/07/1938;466;459;100;20822
1374;Carmen;Andrés;Prado;M;36975241G;Calle Parábola 96, 4º;Las Palmas de G. C.;Las Palmas;35685;649-790-400;928-384-801;andres90@mail.com;04/11/1970;62;270;70;21251
1375;Francisco Javier;Ortega;Mena;H;01665150L;Avenida Abrasivo Ancho 34, 2º;Alicante;Alicante;3761;641-194-323;964-747-367;franciscojavierortega@correo.net;13/04/1953;208;6;43;19264
1376;Fernando;Galán;Morales;H;85492556S;Plaza de  Bifurcación Marrón 238, 3º 6ª;Alicante;Alicante;3058;630-816-541;968-901-519;galan63@correo.com;05/02/1998;293;15;84;21814
1377;Juan Antonio;Rodríguez;Moll;H;47536111X;Plaza de la Colección Cómica 33, 4;Badalona;Barcelona;8837;673-671-209;938-227-426;juarodriguez@email.es;01/01/1997;65;445;93;24225
1378;Carlos;Meneses;Puig;H;31198699G;Avenida Violencia 240, 3;Hellín;Albacete;2005;658-866-623;967-128-895;carlosmeneses@mail.net;09/09/1991;389;431;30;17962
1379;María;Garrote;Giménez;M;47922551G;Avenida de  Comercialización Simpática 86, 5º 4ª;San Cristóbal de la Laguna;S.C. de Tenerife;38062;655-223-896;922-371-874;mgarrote68@correo.es;16/09/1946;146;96;52;18828
1380;Félix;Sanz;Sánchez;H;52547540S;Calle  Persuasión Ordenada 146, 1;Mataró;Barcelona;8506;674-807-209;939-738-755;fel.sanz@mail.net;30/09/1980;22;98;85;22695
1381;Jesús;Pérez;Valdés;H;71245857E;Avenida Zambullida Vieja 188, 1;Pineda de Mar;Barcelona;8130;697-397-889;934-326-926;jesperez@correo.com;19/04/1946;357;167;30;17777
1382;Rafael;Martínez;Martin;H;87040206H;Paseo Trapezoide Menguante 206, 3º 1ª;Oviedo;Asturias;33011;689-173-667;985-217-555;rafael.martinez@email.com;10/02/1975;225;317;95;24347
1383;Carlos;Ezquerro;Pérez;H;52665123E;Calle  Visible Menguante 271, 2;San Fernando;Cádiz;11363;675-505-714;956-797-769;carezquerro@mail.net;25/06/1990;175;128;96;21710
1384;María;Jiménez;Pérez;M;65548890V;Paseo Hemisferio Moderno 186, 6º;Valencia;Valencia;46236;607-425-320;968-836-041;marjimenez@email.es;25/10/1964;322;500;38;18531
1385;María Dolores;Benítez;Moreno;M;28538506Z;Paseo Pretensión Negra 232, 4º 3ª;La Rinconada;Sevilla;41146;646-892-824;950-651-541;benitez28@email.es;01/01/1974;498;48;88;17266
1386;Cristina;Pérez;Sevillano;M;35720592M;Calle  Resistencia Santa 39, 4º 6ª;Almonte;Huelva;21889;661-048-919;959-092-426;perez14@email.net;25/01/1959;17;68;94;16821
1387;Marta;García;Herrero;M;65734511M;Paseo Absolución Fácil 63, 4º;Chiclana de la Frontera;Cádiz;11047;644-481-595;956-652-433;marta.garcia@email.net;16/07/1943;286;163;92;18864
1388;Roberto;González;Cardona;H;64641828Y;Calle  Interés Agotado 256, 1º;Vigo;Pontevedra;36478;672-892-819;986-840-200;roberto.gonzalez@mail.com;22/03/1952;12;481;65;19275
1389;Albert;Román;Puerta;H;36289695L;Paseo Espermatozoide 56, 1º 3ª;Granollers;Barcelona;8779;644-141-694;938-867-477;albert.roman@correo.net;25/01/1999;265;272;38;23568
1390;David;Hernández;Plaza;H;52457764P;Avenida Movilidad 275, 3º;Ciudad Real;Ciudad Real;13905;627-896-690;926-817-424;davhernandez@correo.es;15/12/1980;376;84;49;16740
1391;Marta;Ramos;García;M;43345617R;Avenida  Viscosa Estudiosa 32, 3;Cartagena;Murcia;30334;649-211-566;968-423-037;marramos@correo.com;25/04/1936;427;116;64;15962
1392;Rosario;Devesa;García;M;77061882Z;Paseo  Maleable Menguante 48, 6º;Zaragoza;Zaragoza;50378;646-206-696;976-035-674;rdevesa@correo.net;10/04/1981;239;452;37;16438
1393;Andrea;Asencio;Sarabia;M;04260954C;Calle el Clavo 175, 6º 2ª;Barcelona;Barcelona;8078;636-635-939;934-595-982;aasencio58@correo.es;06/08/1946;222;308;88;16334
1394;Juan José;Morales;Barea;H;81035906Y;Paseo el Adolescente 42, 3º;Burgos;Burgos;9371;604-521-177;947-803-377;jua.morales@mail.es;05/03/2000;447;69;91;19397
1395;Julián;Crespo;Cerezo;H;60081008V;Paseo Transporte 208, 1º;Vitoria;Álava;1929;661-340-143;945-702-429;jcrespo@correo.net;21/12/1984;495;45;72;19098
1396;Manuel;Rey;Expósito;H;44824145C;Avenida Sociedad Venenosa 183, 4º;Coslada;Madrid;28049;616-232-628;916-399-364;manrey@correo.es;19/08/1996;172;486;79;16529
1397;Dolores;Lara;Fernández;M;70494601S;Plaza de  Derivación 299, 2;Madrid;Madrid;28715;615-535-835;914-747-595;doloreslara@email.es;16/01/1999;85;120;32;23905
1398;Antonio;Cabañas;García;H;35154241Y;Avenida  Predisposición 209 bis, 4º 3ª;Elda;Alicante;3937;601-256-305;960-345-485;acabañas30@correo.com;26/02/1978;327;326;93;23397
1399;José Manuel;García;Marco;H;58098139R;Avenida Abeja Fría 256, 3º;Valdepeñas;Ciudad Real;13113;685-760-587;926-555-686;josemanuel.garcia@mail.net;04/10/1979;46;493;65;22972
1400;Carmen;Hernández;Guillen;M;38235121J;Plaza Acrobacia 133, 2º 3ª;Bilbao;Vizcaya;48385;666-457-665;947-000-164;carmen.hernandez@email.es;13/09/1952;404;107;75;15540
1401;Laura;Rodríguez;Marín;M;49052599Q;Paseo Hidrógeno Veloz 150, 3º;Vall de Uxó;Castellón;12004;645-582-631;964-506-160;lrodriguez@correo.net;20/12/1943;167;395;76;19733
1402;Antonio;Hernández;Barroso;H;65754560K;Calle de  Celebración 246, 2º;Cádiz;Cádiz;11790;659-908-172;956-765-785;anthernandez22@mail.net;20/12/1968;153;234;75;21035
1403;Manuel;García;Pérez;H;11267415Z;Paseo  Fabricación Independiente 30, 1º;Madrid;Madrid;28102;602-194-244;912-274-553;manuelgarcia@correo.com;30/10/1990;97;387;37;22627
1404;Alberto;Paris;Montes;H;90509247S;Plaza de  Aseverativo Bueno 238, 1º 5ª;El Puerto de Santa María;Cádiz;11082;609-240-923;956-503-727;aparis62@email.es;26/12/1960;490;448;52;22329
1405;María Pilar;García;Arteaga;M;76740848Z;Avenida Estival 190, 6º;Madrid;Madrid;28446;667-683-131;913-321-745;margarcia@mail.com;26/04/1995;139;229;97;17636
1406;Miguel;Sánchez;Pérez;H;07390714D;Calle de  Concepción Difícil 174, 1º;Bilbao;Vizcaya;48967;621-737-691;940-555-234;m.sanchez@email.net;29/03/1998;34;109;68;22136
1407;María;Abad;Serna;M;20730116D;Paseo  Herbívoro 140, 2º 1ª;Madrid;Madrid;28476;659-653-612;918-078-248;mabad35@mail.es;26/06/1968;376;385;41;22442
1408;Josefa;Carrillo;Peña;M;74743174M;Calle de la Expansión 163, 6;Villanueva y Geltrú;Barcelona;8876;659-227-981;939-473-231;josefacarrillo63@email.es;14/11/1969;352;360;55;18225
1409;Diego;Díaz;López;H;11797121F;Plaza Lisosoma 105, 1º;Granada;Granada;18802;691-271-553;958-554-036;diaz58@correo.net;09/03/1994;131;449;55;19041
1410;Ana María;Ávila;Caamaño;M;28000977H;Plaza Magnánimo 60, 5º 3ª;Córdoba;Córdoba;14944;604-989-633;957-781-237;anamariaavila@correo.net;30/01/1966;161;47;33;16895
1411;Jesús;Fernández;Moreno;H;26274002K;Avenida de  División 248, 2;Lorca;Murcia;30468;633-931-678;968-464-064;jfernandez@mail.es;23/10/1933;89;377;85;16838
1412;María;Cabezas;Ibarra;M;88426888F;Plaza Exuberancia Menguante 82, 1º 6ª;Sevilla;Sevilla;41394;641-481-126;959-747-579;mariacabezas67@email.es;16/06/1953;263;355;33;19238
1413;Dolores;Ortega;Clavero;M;94784077L;Paseo Icónico Prolijo 99, 1;Melilla;Melilla;52126;663-699-910;957-708-709;ortega90@email.com;05/05/1997;448;252;82;20369
1414;Jorge;García;Guerra;H;12977125L;Plaza de la Improvisación 31 bis, 6º 3ª;Pozuelo de Alarcón;Madrid;28742;687-324-741;914-703-579;jorgegarcia78@mail.es;22/05/1982;149;203;53;20016
1415;María José;Álvarez;Núñez;M;96670045X;Calle de  Agilidad Respetuosa 204, 4;Calafell;Tarragona;43768;698-681-081;977-204-874;alvarez92@mail.es;19/02/1939;371;490;92;22469
1416;José Luis;Noriega;López;H;26837701J;Calle de  Misión 156 bis, 1;Torrejón de Ardoz;Madrid;28925;604-573-983;912-104-780;jos.noriega@correo.net;01/02/1937;276;480;72;17510
1417;José María;Fernández;Moreno;H;66801789Z;Avenida de  Conserva 213, 4º;Cartagena;Murcia;30317;646-130-987;968-644-544;jos.fernandez@email.net;19/07/1984;95;259;99;20023
1418;Anna;Borrego;Paz;M;69235948Z;Plaza Tecnología Generosa 36, 1;Narón;La Coruña;15582;606-551-263;981-585-404;annaborrego@mail.com;14/12/1993;324;285;92;16390
1419;Elena;Rivero;Gálvez;M;40077628J;Plaza Bario Cortés 192, 3;Madrid;Madrid;28415;608-688-497;919-929-084;rivero80@correo.net;28/09/1997;337;306;42;21528
1420;María Carmen;Blanco;Martin;M;94924919D;Plaza Saber Bonito 120, 1;La Coruña;La Coruña;15160;604-291-926;981-700-208;mblanco50@mail.net;15/02/1996;345;435;81;22067
1421;Beatriz;García;Lozano;M;79623905K;Avenida Lisosoma 171, 1;Coslada;Madrid;28661;672-695-504;912-062-215;garcia5@correo.es;23/04/1978;366;43;81;20339
1422;Manuela;Santos;Lozano;M;85917964S;Paseo el Éxodo Lloroso 252, 1º;Baracaldo;Vizcaya;48736;662-089-988;949-787-202;msantos@email.es;17/03/1975;134;190;39;16965
1423;Raúl;Carreras;Carrasco;H;31849318E;Paseo del Nacionalismo Nuevo 61, 3;Chiclana de la Frontera;Cádiz;11632;681-741-758;956-756-447;raucarreras15@correo.com;14/09/1966;120;5;78;22988
1424;José Antonio;Prados;Gómez;H;76880806V;Avenida Diezmo 1, 2º;Majadahonda;Madrid;28536;626-158-577;913-930-087;prados89@email.net;04/09/1983;325;262;39;15078
1425;Daniel;Vicente;González;H;81405740T;Plaza Polinización Abstracta 277, 2º;Madrid;Madrid;28944;666-850-934;917-180-495;danielvicente91@correo.es;26/02/1964;421;159;36;21594
1426;Miguel;Rodríguez;Martin;H;15947710Q;Paseo Observación 100, 1º;Toledo;Toledo;45159;610-937-029;925-275-992;miguelrodriguez@correo.es;14/03/1941;68;241;95;17479
1427;Josefa;García;Herrera;M;52566684T;Plaza Amstrong Cómico 133, 5º;Linares;Jaén;23595;666-925-944;953-522-464;jgarcia34@mail.com;26/10/1968;301;171;67;16761
1428;Jordi;Pose;Romero;H;59796686K;Avenida Triptongo Gélido 156, 4º;Mataró;Barcelona;8931;610-017-067;933-847-935;jordi.pose@email.es;08/07/2000;260;392;56;22861
1429;Francisco;Mínguez;Ramírez;H;65727695C;Plaza del Zooplancton Ancho 76, 3;Madrid;Madrid;28573;621-368-433;912-857-189;minguez93@mail.net;21/04/1991;215;431;40;24514
1430;Francisca;Rodríguez;Navas;M;83182590P;Calle Bautismo 290, 5;Murcia;Murcia;30804;600-805-977;968-584-992;rodriguez62@mail.es;28/02/1969;173;154;81;20244
1431;Luis;Fernández;Valenzuela;H;22158810N;Avenida  Vulcanismo 28, 2º 5ª;Ciudad Real;Ciudad Real;13518;692-284-653;926-948-435;lfernandez@mail.net;13/06/1951;415;110;37;15451
1432;Antonio;Valiente;Casero;H;36561422R;Calle el Excepcional Ácido 134, 4;Zaragoza;Zaragoza;50103;678-364-007;976-463-268;antvaliente@email.com;01/03/1945;46;401;75;18585
1433;Juan José;Pérez;Ferrer;H;41492373M;Plaza Audiovisual Veloz 40, 3º;Olot;Gerona;17846;672-073-650;972-072-204;jperez47@mail.net;27/02/1982;500;42;35;18054
1434;Ana María;Gabarre;García;M;66605694V;Avenida Psíquico Estricto 261, 2º 2ª;Esplugas de Llobregat;Barcelona;8926;632-757-072;933-890-165;angabarre@mail.es;21/06/1963;137;100;70;15922
1435;Rosario;Wu;García;M;48930329Z;Plaza de la Presencia Veloz 251, 2;Madrid;Madrid;28398;611-726-432;919-414-301;wu25@correo.es;04/07/1955;348;359;81;22695
1436;Alberto;Pons;Martínez;H;91540858F;Plaza de la Jurisprudencia Cruel 90, 3;Baracaldo;Vizcaya;48602;642-629-049;946-980-598;albertopons24@email.es;11/11/1969;326;263;88;15688
1437;Marta;Ribera;Collado;M;69299187A;Calle Contribución Malcriada 274, 5;Elche;Alicante;3342;678-430-071;960-073-398;ribera64@email.com;16/09/1957;376;326;78;23351
1438;Daniel;Briones;Plaza;H;95917445Q;Plaza Abovedado 265, 6º 1ª;Durango;Vizcaya;48685;613-152-773;941-106-113;danielbriones@email.net;08/04/1970;332;119;49;22137
1439;David;Bermúdez;Rodríguez;H;50700802Q;Paseo de la Resistencia Seria 250, 6º 4ª;Carballo;La Coruña;15768;624-218-429;981-090-250;davidbermudez17@mail.com;17/04/1996;302;436;79;18727
1440;María Amparo;Escudero;Puerta;M;82219147N;Plaza Inecuación Mala 201, 2;Madrid;Madrid;28069;698-833-644;915-488-177;marescudero@email.com;31/07/1973;35;451;82;17011
1441;Juan Carlos;Venegas;Izquierdo;H;51122368S;Calle  Desinencia 147, 6;Córdoba;Córdoba;14647;636-348-249;957-214-937;jvenegas75@correo.com;29/11/1977;85;199;93;22114
1442;María Isabel;Delgado;Grau;M;03803888X;Calle Distribución Bonita 58, 4º;Vigo;Pontevedra;36457;654-784-209;986-503-900;mdelgado@mail.net;23/08/1948;368;376;82;16917
1443;Iván;Morón;Cabañas;H;89856224P;Paseo de la Restauración Etérea 64, 6º;Baracaldo;Vizcaya;48230;682-308-016;940-874-130;i.moron@email.com;25/12/1982;319;450;54;16305
1444;Laura;Serrano;Ayala;M;17858026K;Avenida Colección Abierta 82, 2º;Jerez de la Frontera;Cádiz;11413;620-600-614;956-960-769;serrano55@email.com;25/06/1987;372;495;56;22637
1445;Carmen;Ramos;Cisneros;M;94080368H;Plaza el Hipónimo Culto 207, 3;La Coruña;La Coruña;15660;627-665-467;981-285-301;carramos@mail.es;03/10/1983;374;164;65;20053
1446;Ángeles;Riera;Reyes;M;39942371L;Plaza  Bizcocho Negro 287, 2º;Hospitalet de Llobregat;Barcelona;8972;669-989-531;930-332-885;angriera82@email.es;24/10/1946;266;380;57;15438
1447;Alberto;Rodríguez;San José;H;66557253Z;Avenida Predicativo Sabio 244, 5º;Oviedo;Asturias;33563;612-549-315;984-928-776;albertorodriguez@mail.net;02/01/1961;487;49;95;21842
1448;José;Rubio;Bonet;H;92692403B;Avenida Clavo Respetuoso 256, 1º;Getafe;Madrid;28611;617-230-630;917-192-092;jrubio19@email.es;04/04/1996;294;156;47;24947
1449;Álvaro;López;Guerrero;H;70581469N;Calle Actitud Amorosa 145, 1º;Figueras;Gerona;17692;689-280-608;972-601-139;lopez83@correo.com;29/10/1968;369;311;93;15280
1450;José Antonio;Martínez;Benítez;H;96687865M;Calle Acepción Persistente 43, 5º 6ª;Málaga;Málaga;29529;607-113-169;950-913-645;josmartinez@email.net;04/04/1970;305;149;39;22451
1451;Dolores;Ramos;Escribano;M;80976576Q;Calle  Violencia Artística 52, 4º;Madrid;Madrid;28186;689-669-581;914-136-014;dolramos93@mail.es;21/08/1968;119;432;99;23844
1452;María Mar;Hevia;Castañeda;M;86293010T;Avenida Predisposición Santa 216 bis, 4º;San Fernando de Henares;Madrid;28774;614-302-479;916-712-264;mhevia@correo.com;06/03/1958;269;415;47;16468
1453;María Carmen;Perea;Luna;M;84110628L;Avenida Jilguero Brillante 172, 2;Barcelona;Barcelona;8449;638-091-531;936-033-371;m.perea@mail.com;26/09/1969;74;471;78;17580
1454;José;Rodríguez;Suero;H;49447114N;Calle de la Habladuría Audaz 277, 3;Barcelona;Barcelona;8438;630-462-828;931-270-948;jrodriguez@email.com;18/01/1982;478;72;79;19849
1455;Purificación;Ortega;Martínez;M;10500100W;Calle Cabildo Difícil 147, 2;Zaragoza;Zaragoza;50035;638-687-455;976-322-306;pur.ortega@correo.com;30/07/1954;412;423;83;17528
1456;Sandra;Alonso;Santana;M;29777413A;Calle Gramática 185 bis, 2º 1ª;Ayamonte;Huelva;21283;652-786-580;959-438-002;s.alonso@email.com;10/02/1969;376;403;40;24834
1457;Carmen;Solano;Martin;M;99623620V;Plaza Línea 187, 6;Tortosa;Tarragona;43409;672-779-797;977-675-354;carsolano@mail.com;12/05/1969;320;500;98;19085
1458;Miguel;Taboada;Sánchez;H;00029094E;Paseo Frase Buena 285, 3º;Orihuela;Alicante;3511;695-965-077;965-179-565;mtaboada@email.net;22/12/1939;235;73;39;22409
1459;Esther;Vegas;García;M;88288132X;Plaza de  Objetivo 89, 2º;Zaragoza;Zaragoza;50830;617-022-454;976-376-529;vegas82@mail.es;15/12/1952;326;133;88;18497
1460;Roberto;López;Redondo;H;56315718B;Plaza Unilateral Honesto 56, 1º;Vigo;Pontevedra;36030;611-535-584;986-926-980;rlopez@email.net;17/03/1989;370;273;97;24660
1461;Carlos;Morante;Carrera;H;27141525F;Avenida de  Implícito Triste 18 bis, 5º 6ª;Barcelona;Barcelona;8031;615-224-303;936-871-654;c.morante@email.es;30/01/1962;421;478;73;15987
1462;Cristina;González;Barreiro;M;71286029J;Plaza del Fósil 33, 1º 4ª;Telde;Las Palmas;35048;610-902-328;928-254-315;crigonzalez87@mail.net;07/06/1983;225;296;70;17441
1463;Ana;López;Valencia;M;99523319L;Plaza Selección Liberal 121, 4º;Granollers;Barcelona;8520;603-296-635;939-745-369;analopez@email.es;20/04/1991;265;36;46;21234
1464;María Ángeles;Cazorla;Bernal;M;68586849K;Paseo Génesis 75, 2º 2ª;Logroño;La Rioja;26075;658-694-527;941-911-028;mcazorla79@mail.com;05/06/1966;159;118;88;19542
1465;Francisco;Morales;Zamora;H;16493917L;Plaza del Oleoducto 295, 2º;Barcelona;Barcelona;8650;682-214-376;930-316-946;fmorales@mail.es;15/06/1957;457;338;86;24577
1466;Juana;Cerezo;Angulo;M;47766562R;Plaza del Vértice 35, 6º;Santurce;Vizcaya;48652;669-163-346;943-437-949;juacerezo@mail.com;31/10/1951;275;244;41;20003
1467;Pedro;Pons;Tenorio;H;90684049V;Calle de  Reminiscencia 45, 6º 2ª;Cambrils;Tarragona;43025;635-257-611;977-882-253;pedropons@correo.es;09/11/1995;238;172;53;19961
1468;María Josefa;Barrera;Martínez;M;53207425F;Calle Sublevación Humilde 201, 6;Madrid;Madrid;28193;634-032-891;912-583-350;marbarrera@mail.com;04/12/1970;419;388;67;21752
1469;Patricia;Castillo;González;M;36598931C;Paseo  Parsimonia Veloz 60, 4º;Hellín;Albacete;2205;689-849-553;967-296-547;castillo14@email.net;01/07/1983;171;231;70;16723
1470;Rosa;Sanz;Agulló;M;02472061K;Avenida de  Sabiduría Difícil 127, 3º;Torrejón de Ardoz;Madrid;28856;667-555-538;917-392-272;rosasanz66@email.com;19/03/1978;59;229;78;21030
1471;María Begoña;Sánchez;Moreno;M;21255716J;Avenida de  Sensibilidad Honesta 241, 1º;Barcelona;Barcelona;8223;657-840-319;939-201-180;sanchez69@mail.com;02/06/1999;11;47;60;21570
1472;Miguel;Ortega;López;H;94976616W;Paseo Improvisación 119, 5;Barcelona;Barcelona;8727;610-307-499;934-234-161;mortega@correo.es;19/12/1992;403;457;63;24103
1473;Jesús;Castillo;Rodríguez;H;27177845X;Plaza Obsesión Cruel 34, 3;Barcelona;Barcelona;8338;694-375-513;934-235-063;jes.castillo@mail.es;03/03/1942;5;463;52;24817
1474;Carmen;Teixidó;Esteban;M;47598139F;Plaza de  Depresión 149, 2º;Cullera;Valencia;46492;647-168-381;965-330-860;carteixido@email.es;16/09/1997;297;489;76;20405
1475;Luis;Albaladejo;Pérez;H;09954071Q;Avenida Batalla 66, 5º 3ª;Candelaria;S.C. de Tenerife;38460;649-959-562;922-730-833;luisalbaladejo@correo.net;29/11/1972;410;396;61;20592
1476;Pilar;Gómez;Correas;M;79033945B;Avenida Aristocracia Cortés 24, 4;Los Palacios y Villafranca;Sevilla;41255;661-870-610;953-291-040;pil.gomez@mail.es;11/10/1956;39;388;78;15257
1477;Isabel;García;García;M;45724445P;Plaza de la Depresión Seria 268, 3;Rojales;Alicante;3646;653-162-703;966-414-734;isagarcia62@correo.net;13/09/1973;263;47;62;19953
1478;María;Luque;Navarro;M;69309207H;Paseo  Inecuación Seria 91, 2º 3ª;Santa Coloma de Gramanet;Barcelona;8440;623-881-658;932-199-710;luque23@correo.com;24/04/1964;65;278;68;23208
1479;Juan;Lucas;Duarte;H;49229120N;Calle  Basílica Gentil 53, 4º 2ª;Algeciras;Cádiz;11826;619-974-735;956-874-079;lucas23@correo.net;11/02/1953;21;64;88;18426
1480;Daniel;Serra;Sáez;H;25831302W;Paseo de la Fraternidad 250, 5º 4ª;Baracaldo;Vizcaya;48532;695-512-189;940-091-526;serra65@correo.com;30/04/1937;283;310;90;21719
1481;Raquel;Rivero;Delgado;M;09993980C;Plaza Exhibición Fea 123, 1º 2ª;Málaga;Málaga;29296;627-289-044;954-555-091;rivero68@correo.net;25/10/1975;438;376;70;22861
1482;Beatriz;Fernández;Reyes;M;06312664S;Plaza de  Insercción Sonora 23, 5;Chiclana de la Frontera;Cádiz;11359;678-284-314;956-225-949;beafernandez@mail.es;02/09/1955;428;20;60;23878
1483;Diego;Álvarez;Bellido;H;99515758W;Avenida lo Convexo 13, 3º;Madrid;Madrid;28407;641-088-924;915-141-239;diealvarez19@mail.com;19/04/1955;484;75;64;20408
1484;Antonio;García;Redondo;H;57792116Q;Paseo Intraespecífica Baja 108, 1;Santa Cruz de Tenerife;S.C. de Tenerife;38453;642-748-063;922-324-167;antonio.garcia@correo.net;27/04/1952;224;182;77;19238
1485;Jaume;Pérez;Goñi;H;59399331Z;Calle de la Aristocracia 156, 4;Barcelona;Barcelona;8092;696-124-938;933-992-830;jauperez@email.com;17/07/1958;156;394;74;15983
1486;Manuel;Prados;Fernández;H;88067477V;Calle Residencia 93, 1;Benidorm;Alicante;3887;697-564-848;968-564-101;mprados@mail.es;09/10/1967;233;287;58;17421
1487;Dolores;Enríquez;Moll;M;38001110G;Plaza de  Concilio 133 bis, 1;San Feliú de Llobregat;Barcelona;8489;690-397-010;936-968-174;dolenriquez@email.net;21/07/1977;258;187;97;16875
1488;Susana;Plaza;Maya;M;29559162E;Avenida de  Transcripción 191, 4º;Madrid;Madrid;28211;690-142-857;918-964-662;sus.plaza@mail.net;21/01/1974;350;131;54;17087
1489;José Antonio;Pérez;Muñoz;H;14918645V;Plaza de  Parábola 236, 4;Elche;Alicante;3665;665-502-418;966-791-815;jos.perez@email.com;26/07/1961;488;432;82;18745
1490;Dolores;Moreno;Castro;M;31949258G;Plaza  Enseñanza Veloz 299, 1º;Arteijo;La Coruña;15885;643-208-515;981-062-048;dmoreno@email.es;04/02/1999;426;208;47;23854
1491;Lucia;López;Álvarez;M;22574652Z;Calle de la Zambullida Suculenta 242, 3;Málaga;Málaga;29790;614-874-587;959-238-846;lucialopez@correo.com;30/09/1952;169;84;43;16042
1492;Daniel;García;Abad;H;40921496B;Plaza la Existencia 29, 2º 2ª;Baena;Córdoba;14461;664-631-562;957-417-572;dgarcia32@email.com;23/12/1957;306;54;44;17410
1493;Ainhoa;Iñiguez;Quero;M;84998936K;Avenida  Estrella 129 bis, 6;Ibiza;Islas Baleares;7599;670-163-051;971-945-067;iñiguez96@email.net;29/06/1994;436;163;98;17367
1494;Concepción;Álvarez;Murcia;M;29868428F;Paseo Concordancia Deportiva 145, 5º 4ª;Hospitalet de Llobregat;Barcelona;8398;668-640-876;931-689-657;con.alvarez@mail.es;08/08/1986;386;374;76;24103
1495;Francisco;Tercero;Pereira;H;80831103H;Calle  Abiótico 245, 3º;Tarragona;Tarragona;43921;655-214-873;977-996-788;franciscotercero@mail.net;01/10/1965;405;161;45;21506
1496;Cristina;González;García;M;40546821Y;Paseo Bimestre 244, 5;Bilbao;Vizcaya;48302;603-541-789;947-383-480;cristinagonzalez@correo.com;08/11/1964;441;333;63;22467
1497;María Ángeles;Caballero;Fernández;M;02648591A;Paseo Capilaridad Santa 228, 2º;Coslada;Madrid;28548;612-537-676;910-348-367;mcaballero@email.com;15/12/1955;447;196;37;24074
1498;Jorge;Castillo;Pérez;H;13535847W;Calle Viceversa 158, 1º 1ª;Puerto del Rosario;Las Palmas;35194;613-511-445;928-834-535;castillo24@email.net;19/02/1987;182;409;38;24207
1499;Manuel;López;González;H;82451847K;Plaza la Vivienda Inteligente 20, 2º;Málaga;Málaga;29879;660-388-770;951-655-900;manuellopez67@email.net;18/05/1991;239;213;38;22053
1500;José Antonio;Martínez;Díaz;H;31013723V;Paseo Abeja Eficiente 42, 4º 1ª;Sagunto;Valencia;46084;634-960-847;960-914-245;josmartinez25@correo.es;16/09/1974;247;379;47;21858
1501;Raquel;Prieto;Carnero;M;75656717B;Calle Sustentación 33 bis, 3;Córdoba;Córdoba;14975;614-278-487;957-211-926;raqprieto77@correo.es;14/06/2000;499;133;35;20077
1502;Raquel;Navarro;Puertas;M;36819052P;Plaza Parsimonia Ansiosa 56, 5;Santa Lucía de Tirajana;Las Palmas;35258;699-930-196;928-312-584;raqnavarro@mail.com;27/11/1968;480;72;64;18305
1503;Juan Antonio;Priego;Soto;H;77397881Y;Plaza  Devastación Liberal 192, 2º;Barcelona;Barcelona;8749;697-779-078;937-982-548;priego45@correo.net;07/12/1980;325;152;55;20052
1504;Josep;Mato;Fernández;H;27373209N;Calle Reversible Gélido 10, 5;Martorell;Barcelona;8740;677-205-066;932-760-642;mato39@email.es;25/04/1975;281;253;83;21515
1505;Sara;Casal;Hernández;M;30176543Z;Plaza  Connotación 123, 4;Badajoz;Badajoz;6349;605-879-657;924-434-546;sarcasal81@correo.com;06/09/1940;186;238;43;22005
1506;Mario;Pintado;García;H;14738019X;Paseo Procesión Humilde 203, 5;San Sebastián;Guipúzcoa;20871;628-277-635;943-264-728;pintado53@mail.es;04/11/1996;205;149;82;21787
1507;Marta;Sánchez;Álvarez;M;02514341G;Calle Erlemeyer 117, 2º 1ª;Madrid;Madrid;28312;678-989-899;910-258-238;sanchez51@mail.com;11/03/1957;143;279;85;17411
1508;María Carmen;Iglesias;Franco;M;38389715R;Paseo Colección 135, 5º;Alcorcón;Madrid;28355;630-804-622;916-046-965;mariacarmen.iglesias@email.com;06/09/1987;8;91;42;16091
1509;Isabel;Silva;Padilla;M;01730993J;Calle de  Bendición Pequeña 74, 6º;Pozuelo de Alarcón;Madrid;28400;645-756-024;911-416-351;isilva@mail.es;30/12/1995;450;243;61;19092
1510;José;Díaz;San Martin;H;00900355C;Plaza  Adquisición Mentirosa 198, 1º;Azuqueca de Henares;Guadalajara;19418;664-115-801;949-637-941;diaz48@correo.es;19/01/1998;348;426;84;17533
1511;Vicente;Martínez;Acero;H;38578239V;Plaza Nacimiento Culto 88, 2;Castrillón;Asturias;33063;636-512-923;982-621-242;vmartinez@email.net;04/12/1970;263;463;50;24454
1512;Pedro;Santos;García;H;57965127K;Calle Laringe 5 bis, 2;Madrid;Madrid;28777;663-032-919;910-772-141;santos3@email.es;24/11/1997;496;221;38;18369
1513;María Carmen;Castilla;Moreno;M;46280361Z;Avenida Inecuación Suculenta 81, 5;Lugo;Lugo;27209;699-788-081;982-627-321;mcastilla@correo.es;06/10/1939;3;241;91;17197
1514;Rubén;Freire;Blanco;H;08446201A;Paseo Convocatoria 26, 4º;Santa Cruz de Tenerife;S.C. de Tenerife;38204;648-918-749;922-869-028;rubfreire50@correo.com;13/04/1955;228;157;43;23629
1515;Josefa;Calderón;Albert;M;69639494W;Calle de la Coordinación Mentirosa 261, 1º;La Orotava;S.C. de Tenerife;38903;643-979-069;922-990-827;joscalderon@mail.es;14/12/1953;424;313;84;22443
1516;Francisco;Arroyo;Serrano;H;73125513A;Calle de lo Transitivo 207, 3º 6ª;Móstoles;Madrid;28880;625-519-530;912-113-168;fra.arroyo@email.com;02/12/1937;230;172;30;20102
1517;José;Yang;Pineda;H;98793964V;Paseo  Adjudicación Nueva 82, 5º;Rentería;Guipúzcoa;20774;656-702-179;943-039-923;jose.yang@correo.es;17/07/1952;123;434;84;18220
1518;Carmen;Iñiguez;Martin;M;80851312X;Paseo del Herbívoro Humilde 77, 3º 2ª;Vigo;Pontevedra;36049;632-429-382;986-937-223;ciñiguez@correo.net;06/12/1997;155;337;88;15132
1519;Pedro;Blanco;Prieto;H;84363050Q;Calle Símbolo 265, 2;Rincón de la Victoria;Málaga;29734;626-148-084;959-727-083;ped.blanco@mail.net;17/06/1939;288;6;55;15932
1520;Juan;Navas;Pérez;H;14840159F;Paseo Beneficencia 72, 3º 4ª;Madrid;Madrid;28316;628-297-544;919-001-589;jua.navas@correo.es;09/12/1995;267;486;61;19744
1521;David;Núñez;Ruiz;H;23407511C;Avenida del Heterótrofo 108, 2º;Huesca;Huesca;22539;639-269-792;974-068-177;nuñez9@mail.net;31/10/1974;193;41;57;16358
1522;María Begoña;Serrano;Rodríguez;M;24319307G;Paseo Evolución Triste 289, 3º 5ª;Hospitalet de Llobregat;Barcelona;8918;689-950-012;938-733-815;mariserrano@correo.com;13/11/1994;327;23;63;16220
1523;Antonio;Pérez;Cebrián;H;99064133M;Paseo Predisposición Seria 20, 3º 3ª;Huelva;Huelva;21401;615-995-895;959-030-434;aperez11@correo.net;06/08/1999;122;117;42;20357
1524;María;García;Hernández;M;76289786M;Paseo la Excursión 173, 3º;Arganda del Rey;Madrid;28234;694-449-978;910-098-367;garcia69@correo.es;03/04/1977;297;49;73;22802
1525;Carlos;Rodríguez;Gijón;H;57432335R;Plaza de la Transmisión 205, 5;Badalona;Barcelona;8063;633-608-833;931-089-423;crodriguez46@mail.es;31/12/1995;4;391;75;17001
1526;Marta;Miguel;García;M;83984171Q;Calle la Calvicie Sabia 167, 1º;Sagunto;Valencia;46332;616-733-632;966-891-150;mar.miguel@email.com;21/11/1999;273;48;39;17603
1527;Adrián;Muñoz;Rozas;H;00650810W;Avenida la Residencia 211, 1;Lorca;Murcia;30311;607-334-122;968-305-689;a.muñoz@email.net;03/05/1984;234;369;39;18368
1528;Julia;Gálvez;Hidalgo;M;16278952N;Calle de la Vivienda Nueva 208, 4º;Tudela;Navarra;31053;698-570-652;948-108-724;julgalvez@correo.com;27/11/1960;215;485;86;18814
1529;José Luis;Córcoles;García;H;86245321J;Plaza Turbulencia Azul 277, 3º 3ª;San Fernando;Cádiz;11255;614-664-550;956-685-233;corcoles8@correo.es;03/12/1989;388;258;79;19717
1530;Félix;González;González;H;36721088R;Paseo Invasor 44, 4;Vitoria;Álava;1624;654-750-817;945-050-649;felix.gonzalez@mail.net;08/03/1997;49;366;74;15431
1531;Javier;Pons;López;H;87221214Q;Avenida Adicción 8, 4º;Vitoria;Álava;1747;629-701-409;945-017-927;pons36@correo.com;16/08/1974;139;146;41;21052
1532;Oriol;Hernández;García;H;45714005X;Avenida Perezoso Abstracto 259, 3º 2ª;San Vicente del Raspeig;Alicante;3224;633-182-048;965-439-550;orihernandez75@correo.es;18/08/1950;76;494;63;18476
1533;Luis;Galarza;Seoane;H;74620395T;Plaza Básico 189, 3;Villanueva y Geltrú;Barcelona;8554;646-987-987;936-983-683;lgalarza@correo.com;20/10/1997;12;77;46;15141
1534;María Luisa;García;Marfil;M;67619232Z;Plaza  Omnipotente 38, 2º;Torrelavega;Cantabria;39814;630-668-965;942-947-630;garcia9@correo.com;17/11/1936;457;238;62;21160
1535;Cristóbal;Rubio;Jiménez;H;07153353P;Calle  Invención 197, 2º;Santa Eulalia del Río;Islas Baleares;7423;656-057-623;971-369-240;cri.rubio@mail.es;15/09/1970;327;486;92;18262
1536;Carlos;Martínez;Vázquez;H;26437364Z;Paseo Suburbio Ansioso 34, 5;Lloret de Mar;Gerona;17959;620-858-916;972-403-709;car.martinez@correo.es;28/01/1960;26;224;76;18824
1537;Francisco Javier;López;Gomes;H;54667724J;Paseo Orgánulo Arriesgado 218, 1º 1ª;Jerez de la Frontera;Cádiz;11805;634-550-149;956-422-585;lopez26@email.net;04/02/1963;41;467;83;17074
1538;Isabel;Ballesteros;Cid;M;62249202R;Avenida Acceso 165, 2;Mieres;Asturias;33873;634-632-452;989-651-592;iballesteros@email.com;14/03/1972;65;44;73;15065
1539;Jorge;Ibáñez;González;H;71499985T;Paseo Jurídico Eficiente 265, 1º 2ª;Barcelona;Barcelona;8651;677-118-526;934-270-947;ibañez31@mail.com;13/06/1960;95;29;37;18582
1540;Iván;Muñoz;Rodríguez;H;06229678J;Calle  Coordinación Fría 39, 3º 1ª;Ciudad Real;Ciudad Real;13093;662-173-907;926-109-511;muñoz44@email.es;08/04/1942;349;486;57;15134
1541;María Teresa;González;Hernández;M;90380361K;Calle de  Presencia 149, 2º 3ª;Cáceres;Cáceres;10691;646-970-913;927-331-010;mari.gonzalez@email.net;03/09/1946;164;499;34;19313
1542;Dolores;Rodríguez;Hernández;M;15009883Z;Paseo de  Vocativo Fácil 54 bis, 2º 6ª;Bilbao;Vizcaya;48253;607-743-670;944-646-250;doloresrodriguez@correo.es;20/05/1972;144;345;79;21237
1543;Carmen;Sirvent;Maroto;M;51452935A;Calle  Ionización 121, 1º;Madrid;Madrid;28118;659-094-476;919-993-021;sirvent9@correo.net;02/08/1946;165;65;50;22996
1544;Raquel;Herrera;Lorenzo;M;61933852G;Plaza de  Reconocimiento 270, 2º;San Cristóbal de la Laguna;S.C. de Tenerife;38701;664-015-681;922-641-428;raqherrera@email.com;29/08/1941;368;177;56;18760
1545;Laia;Zambrano;Pou;M;50076033L;Calle  Sabiduría 208, 3º 3ª;Alcalá de Henares;Madrid;28539;635-641-968;911-661-131;zambrano82@correo.com;09/01/1978;364;136;79;18576
1546;Ana María;Morales;Rodríguez;M;66411611P;Calle Paciencia Bonita 54, 1;Cártama;Málaga;29865;623-780-815;955-922-096;amorales61@mail.es;10/07/1969;434;39;95;15954
1547;Rafael;Rodrigo;Antelo;H;50902426E;Plaza Consistencia Baja 51, 4º 2ª;Zaragoza;Zaragoza;50144;664-064-099;976-091-961;rafrodrigo@mail.es;14/05/1987;342;323;89;16157
1548;José;Rodríguez;Iñiguez;H;53581630W;Avenida de  Castellano 210, 4º;Sitges;Barcelona;8916;682-300-938;933-008-556;jrodriguez@correo.es;23/07/1989;97;44;67;18117
1549;José;Mayol;Sanz;H;18047750H;Calle de la Línea Azul 117, 5º;Sevilla;Sevilla;41023;618-211-194;956-487-828;josmayol@mail.net;06/05/1992;33;402;69;21650
1550;Jesús;Mera;Santiago;H;81594815S;Calle Antibiótico Blanco 291, 2º;Mijas;Málaga;29013;663-390-235;955-231-562;jesmera93@correo.com;09/02/1949;358;338;99;16344
1551;Francisco;Rincón;Estévez;H;18468855Q;Plaza Cibernética Sabia 165, 2;Pontevedra;Pontevedra;36464;681-913-620;986-052-115;rincon77@email.net;29/01/1950;483;70;49;19672
1552;María;Montenegro;Millán;M;80994367M;Paseo el Único Serio 252, 5;Valencia;Valencia;46754;601-265-879;968-716-243;mmontenegro@email.com;13/09/1937;2;86;32;17346
1553;Rosa María;Peña;Pérez;M;62636978C;Plaza Verboides 62, 2;Fuenlabrada;Madrid;28007;660-475-245;916-430-180;rospeña44@mail.es;06/04/1960;145;7;46;24026
1554;Antonio;Macías;González;H;89755088A;Calle  Evaporación 189, 2º 2ª;Vigo;Pontevedra;36400;624-644-173;986-340-664;amacias@email.com;28/02/1999;173;55;40;22209
1555;María;Aranda;Arteaga;M;67757848D;Paseo Micrótomo Bajo 60, 5º 6ª;Viladecans;Barcelona;8491;657-490-853;937-231-663;mararanda@correo.es;14/06/1950;412;77;88;18742
1556;María Carmen;Gutiérrez;García;M;81776107K;Paseo Consideración Etérea 236, 2;Manresa;Barcelona;8844;677-671-682;935-667-324;mariacarmengutierrez11@email.es;16/05/1950;278;32;30;18683
1557;Rosa María;Amaro;Monfort;M;31469190S;Plaza Hervido 296, 2º;Sardañola del Vallés;Barcelona;8626;674-131-106;934-945-359;ros.amaro@email.com;06/03/1980;95;373;60;19354
1558;Mario;Contreras;Pastrana;H;68405655K;Paseo de la Violencia Lista 20, 4;Castrillón;Asturias;33781;649-545-966;987-923-261;mariocontreras@email.es;06/05/1987;466;326;71;20749
1559;Francisco Javier;Moreno;Rodríguez;H;03286951K;Paseo  Turgencia Viajera 51, 6º 6ª;San Cristóbal de la Laguna;S.C. de Tenerife;38479;679-073-579;922-490-898;framoreno@correo.es;02/07/1944;261;195;43;18885
1560;Cristina;Falcón;Morales;M;71433489C;Plaza  Décimo 53, 5º;Barcelona;Barcelona;8068;651-547-531;932-278-183;c.falcon@mail.com;19/09/1977;24;198;35;17486
1561;Rosario;Montenegro;Hernández;M;43513978W;Calle la Incisión 96, 3;Huelva;Huelva;21142;697-919-506;959-219-483;rosmontenegro@mail.es;11/11/1974;227;82;93;20557
1562;Ana María;Velásquez;Godoy;M;74650161G;Avenida de  Coalición 151, 2º 1ª;Sueca;Valencia;46803;666-559-582;963-804-473;anvelasquez27@mail.es;17/06/1945;400;413;51;15107
1563;Ana María;Morales;Escobar;M;69471994B;Avenida Dibujo Frío 200, 5º 1ª;Rubí;Barcelona;8374;602-881-766;935-169-209;morales38@email.net;14/07/1939;97;400;40;24979
1564;Julia;Gómez;Herranz;M;52084492A;Avenida de la Prehistoria 200, 5;Valencia;Valencia;46172;694-695-609;967-582-639;jgomez@correo.net;19/11/1967;269;470;45;23449
1565;Salvador;González;Chaves;H;49170024A;Calle de  Básico Caliente 102, 6;Barcelona;Barcelona;8200;676-233-103;938-905-090;sgonzalez87@email.com;07/07/1985;309;260;56;23536
1566;María Teresa;Domínguez;López;M;40939346J;Avenida Excepcional Bueno 242, 5;Vigo;Pontevedra;36687;616-345-689;986-247-959;mari.dominguez@mail.es;19/01/1940;154;42;98;22392
1567;Isabel;Ripoll;De la Iglesia;M;39252804S;Plaza del Pacífico Cauto 157, 6;Getafe;Madrid;28752;686-775-035;919-171-077;iripoll74@mail.net;01/08/1995;166;103;73;20755
1568;Pedro;Jorge;Sánchez;H;46387385L;Avenida Adyacente 193, 6º 5ª;Zaragoza;Zaragoza;50259;617-668-359;976-483-061;jorge6@email.com;18/06/1941;234;352;78;19409
1569;Juan José;Garrido;Moreno;H;67459712E;Paseo de  Existencia 257, 6º 6ª;Valencia;Valencia;46694;673-103-799;964-092-809;jua.garrido@mail.com;19/10/2000;69;77;99;16986
1570;Manuel;López;Calvo;H;47062749B;Calle Contribución 17, 2º;Viladecans;Barcelona;8152;662-961-083;935-008-622;manlopez@email.es;21/02/1992;436;339;45;16381
1571;Ignacio;Afonso;Tinoco;H;95384475W;Calle Adherencia 80, 5º;Santa Cruz de Tenerife;S.C. de Tenerife;38371;640-719-009;922-871-515;ign.afonso@correo.net;23/08/1950;362;398;40;19579
1572;Manuel;Heredia;Moya;H;42561491Z;Paseo del Obtusángulo 282, 1º;Málaga;Málaga;29990;623-114-699;954-254-455;manuelheredia8@mail.net;21/04/1963;349;458;43;19488
1573;Manuel;Álvarez;Ponce;H;36542359M;Calle Cautiverio Honesto 75, 5º 3ª;Móstoles;Madrid;28142;629-475-422;912-030-899;manuelalvarez@mail.com;13/04/1936;42;111;41;22338
1574;Ana María;Fernandes;Moreno;M;41294294W;Avenida Posibilidad 292, 1;Villaviciosa de Odón;Madrid;28421;609-398-453;916-515-528;anfernandes69@email.es;08/04/1959;132;110;46;15265
1575;Raúl;Peña;Ruiz;H;30229154R;Paseo  Vertebrado Blanco 151, 6º;Valladolid;Valladolid;47460;666-888-176;983-328-920;rpeña@correo.net;15/04/1937;423;495;94;15497
1576;Ana;Ruiz;Domínguez;M;11826954D;Calle de la Escenografía Aurífera 160, 6º 4ª;Onteniente;Valencia;46254;626-435-889;968-500-210;ruiz56@email.es;12/04/1994;498;176;73;18361
1577;Eduardo;Izquierdo;Montero;H;09536658F;Calle Ovíparo Hermoso 210, 6º;Alcorcón;Madrid;28634;640-320-207;912-634-754;izquierdo48@mail.es;02/08/1945;147;133;93;15931
1578;Carlos;Fernández;Gracia;H;69874103B;Calle Participación 161, 3º;Novelda;Alicante;3300;674-283-001;961-488-046;carlosfernandez@mail.com;06/02/1990;265;202;99;15641
1579;José Luis;Morilla;Ruiz;H;48058046Y;Plaza Cosmos Dulce 129 bis, 5;Málaga;Málaga;29384;605-295-643;950-204-907;jos.morilla@mail.net;29/09/1970;188;14;90;21972
1580;Antonio;González;Campo;H;83353039G;Plaza la Biosfera 198, 5º;Pamplona;Navarra;31222;696-371-886;948-944-746;agonzalez@correo.com;23/01/1970;93;74;83;23915
1581;José;Pons;Aguilar;H;82395041W;Plaza la Frontera Roja 290, 4º;Alcalá de Henares;Madrid;28919;642-725-710;912-851-110;pons62@correo.com;20/10/1939;227;110;93;19640
1582;Vicente;Garrido;Sainz;H;28673923F;Paseo del Abdomen Lloroso 193, 4º;Alcobendas;Madrid;28818;665-017-206;913-049-675;vicgarrido@mail.net;08/01/1937;265;55;31;23658
1583;Ana;Villena;González;M;21409961C;Avenida Consigna 221, 6º 1ª;Guecho;Vizcaya;48689;629-084-507;943-443-735;villena79@mail.es;15/11/1979;100;92;83;17434
1584;Marta;Cuesta;Fernandes;M;95824110S;Paseo Bacilo Luminoso 120, 2º 5ª;Lucena;Córdoba;14204;665-994-080;957-116-649;cuesta34@email.net;03/09/1973;269;276;64;23509
1585;Mercedes;Pérez;Martínez;M;96188012B;Paseo Actividad 142, 2º;Palma de Mallorca;Islas Baleares;7796;682-643-144;971-670-214;mer.perez@correo.net;13/11/1991;167;226;76;22217
1586;Cristina;Monroy;Martin;M;63000931K;Paseo de lo Aconsejable 17, 2º;Madrid;Madrid;28860;623-902-427;916-637-930;cristinamonroy@email.es;13/02/1935;18;443;54;15450
1587;María José;López;Márquez;M;90892810F;Plaza de  Soberanía 86, 6;Jerez de la Frontera;Cádiz;11008;615-697-818;956-488-072;mariajoselopez24@email.com;26/04/1988;155;5;33;20674
1588;María Teresa;Valls;Gomes;M;32482733V;Avenida Transpiración Abstracta 3, 2º 3ª;Alhaurín el Grande;Málaga;29875;606-252-397;953-563-466;mariateresavalls74@correo.com;28/02/1990;430;422;64;15008
1589;María Luisa;Salvador;Herreros;M;22673664B;Calle Consejo 170, 3;Alcantarilla;Murcia;30231;658-692-748;968-939-340;marisalvador21@email.es;28/05/1985;469;375;86;22599
1590;Enrique;Lago;Gutiérrez;H;41881014S;Plaza Vesícula Triste 298, 1º;Arona;S.C. de Tenerife;38068;655-566-714;922-915-387;e.lago@correo.es;11/10/1992;387;339;32;24656
1591;Antonio;Gómez;Cabral;H;75968233S;Calle Distribución Ácida 155, 1º;Huelva;Huelva;21218;658-185-786;959-774-426;gomez4@mail.com;16/05/1945;183;327;92;17843
1592;Antonio;Perdomo;García;H;98275634S;Paseo el Hemisferio Lloroso 235, 5º 2ª;Barcelona;Barcelona;8306;629-074-259;932-876-891;perdomo95@email.com;21/10/1935;358;299;92;22198
1593;Manuel;Abad;Sáez;H;82691977P;Avenida Transición Ordenada 37, 5º 4ª;Sevilla;Sevilla;41125;606-986-315;954-657-940;manabad19@correo.es;12/03/1979;498;173;94;24488
1594;Dolores;Agüera;García;M;25357593R;Calle de la Juventud 197, 3º;Barcelona;Barcelona;8948;623-536-947;933-645-394;dol.agüera@correo.net;09/08/1990;470;272;38;20269
1595;Javier;Alemán;Castro;H;41087103H;Plaza del Saber 37, 3;Villanueva y Geltrú;Barcelona;8659;658-529-685;934-858-224;javier.aleman@mail.net;18/01/1976;121;304;52;21336
1596;Marta;Guijarro;Hita;M;48982424Z;Calle Fortuna 55, 1º 4ª;La Línea de la Concepción;Cádiz;11288;634-980-366;956-943-436;mguijarro97@email.net;02/03/1985;422;170;70;20157
1597;Joaquín;Robles;Ramos;H;57986059T;Calle Suciedad 291, 5º;Santa Lucía de Tirajana;Las Palmas;35305;693-468-552;928-512-046;jrobles@correo.net;21/07/1962;231;475;78;21399
1598;David;Ávila;Pascual;H;78134203Y;Avenida  Adaptación Simpática 180, 6;Badalona;Barcelona;8406;694-858-459;931-727-730;avila40@email.com;09/06/1984;21;215;85;22281
1599;Concepción;Vilar;Navarro;M;37071149W;Paseo Saber 102, 3º;Zaragoza;Zaragoza;50002;621-216-810;976-718-534;vilar21@correo.com;25/01/1999;201;405;66;24567
1600;Manuel;Monreal;Ramírez;H;38353484H;Paseo de  Jurisprudencia Responsable 41, 6;Cartagena;Murcia;30216;656-094-846;968-790-443;man.monreal@correo.es;11/04/1965;304;67;85;24728
1601;Isabel;Muñoz;Salvatierra;M;91441284T;Plaza  Abstinencia Roja 249, 3º;Las Palmas de G. C.;Las Palmas;35497;670-792-992;928-507-678;isabel.muñoz@email.net;29/09/1965;437;235;32;20433
1602;José;Ferreira;García;H;53950376N;Plaza Sublevación Gorda 65, 1º 5ª;Ponferrada;León;24702;615-928-828;987-706-297;joseferreira64@mail.es;06/01/1958;350;481;70;19876
1603;José;Corrales;Roldan;H;41924175M;Paseo Vesícula Brillante 261, 4;San Baudilio de Llobregat;Barcelona;8543;657-300-406;933-894-286;jcorrales64@email.net;24/12/1985;470;374;97;23319
1604;Marina;Navarro;González;M;78898494F;Calle  Hidrógeno 261, 6º 2ª;Madrid;Madrid;28053;615-638-421;916-903-116;marinanavarro@correo.es;27/09/1972;286;416;79;19994
1605;María;Cuello;López;M;86825625G;Paseo Cabildo 234, 3º;Santa Cruz de Tenerife;S.C. de Tenerife;38999;614-952-141;922-931-703;mar.cuello@correo.com;15/08/1971;367;327;100;17677
1606;Alberto;Regalado;Martin;H;16399672M;Calle Aval Luminoso 249, 4;Mollet del Vallés;Barcelona;8082;656-335-436;930-743-777;albertoregalado69@correo.es;29/08/1967;272;69;90;23933
1607;Francisco;Avalos;Ruiz;H;58734855P;Calle  Trapezoide Fácil 36, 1º 1ª;Durango;Vizcaya;48314;632-366-826;945-452-266;francisco.avalos@email.net;25/07/1970;58;118;67;24557
1608;Ander;García;Pérez;H;79333308Y;Paseo Definición Fuerte 24, 6º 3ª;León;León;24827;678-695-131;987-816-776;andgarcia24@email.net;17/09/1964;131;47;81;18534
1609;Sara;Mariño;Pacheco;M;95594157Q;Plaza Responsabilidad 229 bis, 4º;Puente Genil;Córdoba;14272;608-352-551;957-192-786;sarmariño@mail.net;12/09/1943;273;14;74;21915
1610;Sonia;Rojo;Muñoz;M;70012345T;Plaza Abrupto Malcriado 64, 6;Móstoles;Madrid;28227;669-098-539;915-415-481;rojo31@correo.com;13/07/1963;470;222;82;21302
1611;Carmen;Valencia;Díaz;M;57442302D;Plaza Bisílabo 238, 1º;Hospitalet de Llobregat;Barcelona;8328;697-822-150;939-568-840;cvalencia@mail.net;02/11/1987;250;61;86;24020
1612;Carlos;Santos;Castro;H;76339459K;Plaza el Oleoducto 166, 4º 5ª;Santa Pola;Alicante;3420;600-499-314;962-853-795;c.santos@mail.net;21/10/1984;193;455;57;16567
1613;Rafael;Doblas;Grau;H;94156390W;Calle Retículo Rojo 196, 3º;Guecho;Vizcaya;48116;678-423-005;941-549-901;rafaeldoblas@mail.net;25/03/1936;87;76;88;19835
1614;Juana;Gallardo;Gómez;M;56187313S;Plaza Zambullida 192, 5;Palma de Mallorca;Islas Baleares;7088;668-049-215;971-570-408;juanagallardo35@correo.com;15/03/2000;231;10;38;20355
1615;Mohamed;Carrasco;García;H;67767747H;Calle Reversible 289, 2º 2ª;Sevilla;Sevilla;41747;668-054-203;954-265-803;carrasco4@mail.net;07/05/1939;390;410;33;17316
1616;José Ramón;Soler;Burgos;H;77220061E;Avenida del Objeto Maduro 257, 2º;Madrid;Madrid;28824;632-334-373;919-981-493;soler33@email.com;20/02/1979;107;228;71;16838
1617;José;Bravo;Doval;H;45452987L;Calle Decisión Nueva 238, 5º;Madrid;Madrid;28227;665-536-188;911-899-537;jbravo41@correo.com;28/10/1985;352;451;99;17314
1618;Ana María;Calderón;Hidalgo;M;45717799D;Paseo Representación 76, 4º 1ª;Collado Villalba;Madrid;28011;699-597-846;919-246-332;ancalderon@correo.es;13/02/1941;49;321;54;21305
1619;Carlos;Sánchez;Ortega;H;51434767M;Avenida Hidrofílico 168, 5º 1ª;Málaga;Málaga;29012;634-905-434;952-783-631;carsanchez@correo.es;05/11/1993;251;171;88;24183
1620;Ricardo;Tortosa;González;H;60548134J;Avenida Exclusión Resplandeciente 136, 5º 3ª;San Roque;Cádiz;11750;622-232-467;956-522-318;tortosa52@email.es;17/04/1969;184;145;35;18415
1621;José Luis;Fernández;López;H;06011031G;Plaza Resistencia 113, 5º;Valladolid;Valladolid;47733;637-224-893;983-877-845;joseluisfernandez@mail.com;27/02/1936;395;403;89;16676
1622;María Carmen;Calvo;Alonso;M;72073698R;Calle Azteca Albo 182, 4º;Cáceres;Cáceres;10612;666-224-446;927-607-295;calvo46@email.com;30/12/1950;445;46;89;23116
1623;Santiago;Gallego;Márquez;H;61969451E;Paseo de lo Esencial 252, 3º 5ª;Córdoba;Córdoba;14472;654-837-316;957-620-136;sgallego@mail.com;19/03/1940;354;171;41;23568
1624;Cristina;Falcón;Gómez;M;43819847V;Paseo Bifurcación 249, 5º;Santa Cruz de Tenerife;S.C. de Tenerife;38674;663-256-851;922-888-828;cristinafalcon@correo.es;20/12/1978;434;61;75;21353
1625;Ángel;Caballero;Márquez;H;17606828Y;Avenida la Ionización 39, 5º;Sabadell;Barcelona;8620;683-088-718;930-306-712;caballero99@email.com;06/06/1936;256;236;86;20506
1626;Antonio;González;Fernández;H;19986808S;Calle Misión 270, 1º 6ª;Madrid;Madrid;28135;640-256-530;912-191-116;agonzalez42@correo.es;17/08/1997;273;136;92;18954
1627;Rafael;Romero;Casas;H;00783560L;Paseo de  Experimento Hermoso 22, 1º 2ª;Santa Lucía de Tirajana;Las Palmas;35641;638-398-637;928-173-809;rafael.romero@email.com;06/04/1964;155;497;56;15377
1628;Estibaliz;Zaragoza;Díaz;M;33376834Q;Paseo de  Zootecnia Gélida 170, 3º;Granada;Granada;18920;611-129-035;958-861-074;estibalizzaragoza@email.com;15/04/1987;83;347;95;22577
1629;Miguel;Robles;García;H;64571226Z;Plaza la Cibernética 199, 5º;Almería;Almería;4394;653-195-942;950-249-522;miguel.robles@email.es;08/01/1961;433;364;60;21796
1630;Francisco;Larrosa;Navarro;H;03866906P;Paseo Consigna Malcriada 34, 4º 1ª;Aldaya;Valencia;46911;679-982-635;968-146-110;flarrosa30@mail.net;14/05/1964;129;493;72;15975
1631;Daniel;Mariscal;De Pedro;H;79691068R;Calle de la Conversión Blanca 135, 4;Zamora;Zamora;49085;638-673-686;980-574-845;danielmariscal5@email.com;06/07/1979;136;442;70;17614
1632;Laura;Cruz;Colomer;M;45899322Q;Paseo de  Versículo Rápido 54 bis, 5º;Marbella;Málaga;29250;696-324-172;950-135-015;lcruz21@correo.es;12/04/1981;365;255;57;22088
1633;Jesús;Guerrero;Carmona;H;30995856K;Avenida la Génesis Resplandeciente 168, 3;Villafranca del Panadés;Barcelona;8297;624-875-670;933-066-826;jguerrero@email.es;15/07/1953;292;323;70;16036
1634;José;Álvarez;Rosa;H;03132618H;Plaza de la Vesícula 8, 3º 6ª;Jerez de la Frontera;Cádiz;11899;648-627-200;956-573-092;j.alvarez@correo.com;11/05/1983;423;223;80;15013
1635;Irene;Gil;Ortega;M;79041476K;Plaza Reversible 151, 3;Cartagena;Murcia;30530;656-066-625;968-714-487;igil@correo.es;03/01/1989;90;491;35;24686
1636;Carlos;González;Ivars;H;59003954F;Plaza  Adjudicación Alta 89, 4º;Utrera;Sevilla;41063;688-639-305;956-935-214;cgonzalez@correo.com;21/12/1957;213;307;30;19761
1637;Javier;Osuna;Valero;H;27996140B;Avenida Conversión 258, 4º 6ª;San Sebastián;Guipúzcoa;20164;691-232-279;943-943-275;osuna57@email.es;19/09/1957;430;190;86;20732
1638;Juan José;Gómez;Salmerón;H;98635206M;Plaza Básico Bueno 198, 2º 4ª;Huesca;Huesca;22495;662-798-085;974-699-795;gomez18@mail.net;13/04/1979;374;11;72;18702
1639;José;Ruiz;Pérez;H;28570305G;Calle Vicisitud 113, 2;Algete;Madrid;28011;664-761-873;915-117-414;josruiz@mail.net;20/01/1967;441;272;42;20084
1640;María Dolores;Vizcaíno;Antequera;M;67716893V;Avenida la Recepción Sensible 297, 1º 6ª;Roquetas de Mar;Almería;4303;671-610-919;950-301-444;mvizcaino@email.net;18/06/1938;82;106;83;17336
1641;Pedro;Cordero;Aranda;H;78753945J;Avenida Cabeza 117, 2;Almería;Almería;4633;674-991-492;950-655-932;cordero11@email.es;02/09/1995;189;420;76;23571
1642;José;Martínez;Gálvez;H;06873505R;Plaza de lo Abstracto Estricto 196, 3º;Alicante;Alicante;3318;675-762-312;962-508-697;josemartinez@correo.net;24/03/1983;142;62;78;22233
1643;Óscar;López;Diez;H;01997097F;Paseo el Discípulo Humilde 218, 5º 6ª;Leganés;Madrid;28310;695-369-455;916-947-598;lopez75@email.com;02/01/1967;330;344;48;22320
1644;María José;García;Holguín;M;33180050C;Paseo de  Bisectriz Fría 231, 4º 6ª;Madrid;Madrid;28512;602-608-797;917-156-615;garcia22@email.es;23/02/1985;12;323;32;24200
1645;Juana;Torregrosa;Gallego;M;05201201G;Avenida de  Conmutativo 233, 2;Alicante;Alicante;3073;640-498-926;960-455-514;jtorregrosa@correo.es;13/12/1959;495;7;77;21447
1646;Manuel;Vidal;Ruiz;H;94521852V;Avenida Transcripción 153, 2º;Talavera de la Reina;Toledo;45799;636-340-491;925-331-351;manuelvidal@mail.net;23/01/1942;385;123;90;20953
1647;Juan;Reyes;Roda;H;35199519C;Plaza  Adicción Persistente 1, 2;Algeciras;Cádiz;11327;684-681-515;956-474-098;jreyes61@mail.es;25/04/1953;240;398;90;24556
1648;Álvaro;Melero;Barral;H;37071732X;Calle de  Hectárea 285, 5º 4ª;Maracena;Granada;18463;649-099-380;958-238-509;alvaromelero@email.es;10/06/1939;201;232;46;19254
1649;Alicia;López;Ruiz;M;15267357A;Plaza Unilateral 293, 3º 3ª;Santa Cruz de Tenerife;S.C. de Tenerife;38795;632-310-057;922-420-207;lopez30@mail.es;06/09/1975;379;334;58;17311
1650;Rosario;Mora;Álvarez;M;06292993D;Calle  Fábula Fea 125, 1º;Gandía;Valencia;46608;686-124-567;968-800-457;rosmora@correo.net;09/04/1978;243;127;85;15765
1651;Raúl;Serrano;Alcalde;H;71008379L;Calle Línea 126, 1º;Telde;Las Palmas;35166;606-355-696;928-441-609;rserrano@mail.net;12/03/1990;475;388;92;21766
1652;Fernando;Martínez;Pérez;H;96101596Y;Plaza Admisión 238, 4º 1ª;San Fernando;Cádiz;11542;680-342-166;956-921-857;fmartinez93@mail.com;20/05/1987;273;414;49;20247
1653;Isabel;García;Torrent;M;13425337F;Calle Ribosoma Serio 265, 2;Barcelona;Barcelona;8256;636-705-241;937-465-797;garcia41@mail.es;06/02/1946;400;355;83;22299
1654;José;Prados;Barceló;H;20856044N;Avenida de la Confesión 32, 6;Mataró;Barcelona;8203;645-351-938;935-595-157;joseprados@email.net;16/05/1974;323;293;84;19386
1655;Miguel;Domínguez;Martínez;H;77927311E;Calle de la Aflicción Persistente 17, 5;Madrid;Madrid;28652;667-499-794;915-716-725;migdominguez31@correo.com;16/10/1985;321;383;81;15713
1656;Francisca;Rivas;Serrano;M;16224277P;Calle Bajorrelieve Eficiente 275 bis, 2º;Gerona;Gerona;17019;645-741-722;972-649-955;f.rivas@email.com;17/11/1939;1;137;92;16733
1657;María;López;Ruiz;M;70060775S;Avenida  Zambullida Prolija 164, 5º 2ª;Algeciras;Cádiz;11551;629-923-445;956-993-593;marialopez46@correo.es;06/09/1996;59;299;77;22792
1658;Paula;Jiménez;Rodríguez;M;36422876F;Calle Conjugación 32, 6;Vitoria;Álava;1634;670-589-135;945-617-662;paulajimenez72@mail.com;13/08/1977;217;432;50;15865
1659;Vicenta;Ferrer;García;M;98020176H;Plaza Implícito 103, 4º;Galapagar;Madrid;28318;648-970-275;919-185-626;vferrer@email.es;18/09/1954;145;135;77;18325
1660;Ángel;Ibáñez;Rubio;H;23670633E;Calle de la Sugerencia Generosa 225 bis, 5º 5ª;Jaén;Jaén;23968;668-819-644;953-920-384;angibañez23@email.com;24/02/1950;404;222;83;16358
1661;Josefa;Campos;Vázquez;M;58066499D;Paseo de lo Jurídico Hermoso 257, 4;Zaragoza;Zaragoza;50156;639-650-833;976-799-743;joscampos25@correo.com;11/04/1998;209;216;64;18371
1662;Irene;Castro;Parrilla;M;57759169M;Calle de la Adaptación Suculenta 260, 1º 2ª;Barcelona;Barcelona;8930;676-123-920;937-772-222;icastro@email.es;31/07/1940;200;373;60;22242
1663;Rafael;Ramos;Egea;H;86226936M;Paseo Monohíbrido Deportivo 94, 3;Sabadell;Barcelona;8605;614-257-758;932-634-909;rramos27@correo.es;03/08/1957;4;387;77;21254
1664;Fernando;Ruiz;Barragán;H;90671100V;Paseo de  Antibiótico Verde 93, 5º 2ª;Málaga;Málaga;29836;679-790-171;951-119-737;ferruiz@correo.net;22/04/1939;188;97;38;17954
1665;Miguel Ángel;Llorente;González;H;19353801Z;Plaza Concesión Vieja 129, 3º 4ª;Rentería;Guipúzcoa;20648;633-230-379;943-838-101;llorente95@email.es;08/01/1989;16;429;80;20417
1666;Josefa;Rodríguez;González;M;91260020E;Paseo Devastación 85, 4;Pájara;Las Palmas;35450;684-680-243;928-800-937;josefarodriguez11@mail.es;16/03/1995;243;354;35;17854
1667;Juan;Sanz;Hernández;H;89953140W;Plaza de  Abstención 31, 4º 4ª;Pontevedra;Pontevedra;36652;607-434-397;986-749-690;jsanz@mail.net;18/11/1951;452;177;85;21462
1668;Susana;Suarez;Carbajo;M;62203680L;Paseo la Adivinanza Blanca 198, 6;Madrid;Madrid;28569;684-366-116;918-226-116;suarez39@email.net;14/12/1933;55;169;57;18324
1669;Javier;Abadía;Moreno;H;86503366K;Paseo Transformación Sabia 252, 3;Rota;Cádiz;11496;613-694-233;956-845-136;javierabadia@email.es;21/05/1992;252;317;45;21086
1670;Andrés;Montero;Villa;H;97929944S;Plaza la Devoción 248, 3º;Bilbao;Vizcaya;48056;613-550-697;947-089-875;amontero73@correo.net;19/05/1968;284;369;90;15330
1671;Carmen;Suarez;Bernabé;M;07240874Z;Plaza de  Genoma 201, 5;Bilbao;Vizcaya;48940;651-935-971;945-116-007;c.suarez@email.com;01/12/1988;466;84;49;16147
1672;Margarita;González;Vélez;M;58157747Q;Plaza de  Monocárpico 163, 3º 6ª;Marbella;Málaga;29145;696-604-012;958-623-524;margarita.gonzalez@correo.es;12/05/1963;48;376;77;19844
1673;María Pilar;García;Jiménez;M;14103187R;Calle el Júbilo 257, 2º 1ª;Barcelona;Barcelona;8095;626-026-538;935-521-581;mari.garcia@mail.es;13/03/1970;226;194;75;23960
1674;María;Villegas;Lozano;M;06298015V;Calle Estratega Prolijo 125, 4º 2ª;Segovia;Segovia;40735;617-906-729;921-492-924;marvillegas@mail.es;06/03/1979;157;348;39;21307
1675;María Dolores;García;García;M;26077109P;Calle  Dibujo Viajero 176, 4;Caravaca de la Cruz;Murcia;30837;643-113-828;968-002-912;mgarcia@email.es;14/01/1963;156;407;43;23008
1676;Ángela;García;De Frutos;M;38188666H;Avenida Partenocarpia 139, 2;Madrid;Madrid;28007;694-879-831;910-189-737;agarcia@mail.es;04/02/1965;231;343;42;16881
1677;María Luisa;Plaza;Cano;M;70021291E;Plaza Consejo 138, 5º;Logroño;La Rioja;26873;619-568-408;941-697-538;mariplaza53@email.com;17/09/2000;397;10;66;18546
1678;Adrián;Hernández;Villar;H;68606864A;Paseo Avidez Enferma 181, 2º;Madrid;Madrid;28511;663-766-763;910-702-388;adrianhernandez@correo.es;03/10/1941;86;249;45;23584
1679;Marta;Andreu;Buitrago;M;67847029L;Plaza  Soberanía Enferma 7 bis, 1º 5ª;Valencia;Valencia;46040;682-045-514;969-109-133;martaandreu76@email.com;26/11/1994;14;146;81;19502
1680;Dolores;Batista;Pérez;M;64026042E;Paseo Responsabilidad 145, 3º;La Orotava;S.C. de Tenerife;38907;689-519-018;922-162-155;dolbatista65@email.net;12/04/1992;176;73;93;16945
1681;José;Sánchez;Vargas;H;08986716H;Avenida Diezmo 157, 1º;Logroño;La Rioja;26373;676-073-532;941-703-308;josesanchez@correo.es;08/02/1947;31;356;72;22927
1682;Iván;Gil;Polanco;H;04312428C;Calle  Hitita 252, 4;Mérida;Badajoz;6617;662-160-731;924-537-266;ivangil@mail.com;15/02/1964;151;468;93;24632
1683;David;Fernández;Alfonso;H;29339760V;Calle Fraternidad 152, 4;Valencia;Valencia;46078;620-101-317;961-948-334;davfernandez97@email.com;18/01/1940;496;240;84;15707
1684;Luis;González;Montoya;H;10251129Y;Calle Religión Lenta 229, 6º;Premiá de Mar;Barcelona;8865;686-676-154;932-777-746;gonzalez25@mail.es;13/12/1963;84;407;99;24971
1685;Isabel;Saiz;Duque;M;38455383G;Avenida Diversión 139, 4º;La Coruña;La Coruña;15584;608-154-496;981-180-049;isabelsaiz@email.es;19/09/1999;206;181;89;18439
1686;Gabriel;Mas;Lamas;H;46664433D;Plaza el Espermatozoide Sensible 300, 4;Olot;Gerona;17667;676-518-687;972-146-571;gabriel.mas@mail.es;14/12/1991;227;315;92;22473
1687;Francisco;Millán;Martin;H;78258891B;Paseo Ocasión Persistente 219, 1º;Jerez de la Frontera;Cádiz;11766;620-763-392;956-084-946;fra.millan@email.net;29/08/1945;115;165;86;21820
1688;Miguel Ángel;Rodríguez;Prieto;H;64790108M;Paseo Intraespecífica Inquebrantable 24, 3º 3ª;Benidorm;Alicante;3320;609-507-948;966-806-436;mrodriguez@email.es;30/11/1987;239;199;55;17521
1689;Ana;Ramón;Triviño;M;51436394E;Calle de la Coordinación 26, 3º 2ª;San Juan de Aznalfarache;Sevilla;41992;645-216-536;951-237-450;anaramon@mail.net;24/05/2000;213;460;40;22826
1690;Julio;Sosa;López;H;84316991A;Paseo Disyunción 168, 5º;Priego de Córdoba;Córdoba;14435;665-954-030;957-850-738;jsosa@mail.com;29/07/1992;486;437;97;20268
1691;Pilar;Castaño;Lema;M;01234862S;Paseo Vacío Simpático 32, 6º 2ª;Almería;Almería;4393;698-685-605;950-969-984;castaño85@correo.net;02/08/1959;65;47;35;15465
1692;María Mar;Gómez;Nicolás;M;51870727T;Calle el Vocativo 242, 1º;Pontevedra;Pontevedra;36302;620-033-858;986-553-335;margomez@mail.net;12/08/1950;125;18;64;23583
1693;Raquel;Prieto;García;M;64958676Y;Calle Complicación Gélida 79, 5º;Guadalajara;Guadalajara;19288;673-868-738;949-922-588;raqprieto@mail.net;02/02/1941;153;242;91;24299
1694;María Isabel;Pérez;Tirado;M;16168526D;Plaza Vivienda 158, 4º 6ª;Madrid;Madrid;28400;694-168-437;919-355-850;mperez13@email.net;25/06/1987;237;301;47;24604
1695;Carlos;De la Fuente;Moya;H;88052516Y;Calle Frase 167, 3;Almería;Almería;4572;670-253-221;950-315-877;card38@correo.es;28/10/1955;481;404;36;18993
1696;Mikel;Gómez;Nieto;H;38805337J;Plaza del Espermatozoide 228 bis, 2º 5ª;Alcorcón;Madrid;28697;689-448-362;918-248-779;gomez55@correo.com;08/11/1948;363;415;65;21663
1697;Félix;Sarabia;De la Calle;H;32931960P;Avenida Abstracto 29, 4º;Torrente;Valencia;46018;648-786-763;966-617-819;f.sarabia@email.com;03/08/1935;178;375;32;20287
1698;José Luis;Fernández;Ayllón;H;27014462L;Plaza  Discriminación Etérea 124, 1º;Puerto del Rosario;Las Palmas;35972;688-114-305;928-294-534;fernandez75@mail.es;06/08/1955;403;417;50;22050
1699;Ana María;Puig;Gutiérrez;M;46714410F;Avenida la Capilaridad 234, 1º 2ª;Alicante;Alicante;3725;632-611-028;966-779-736;anpuig@mail.net;19/07/1967;58;428;65;18499
1700;Isabel María;Bravo;Moreno;M;46910453K;Avenida  Programario 247, 1º 1ª;Alcobendas;Madrid;28121;614-707-536;917-240-210;isabelmaria.bravo@mail.es;06/10/1968;105;43;75;15337
1701;José Manuel;Barranco;García;H;05157496E;Avenida el Octosílabo 66, 5º 3ª;Valencia;Valencia;46755;659-636-868;962-052-341;barranco34@mail.es;07/12/1968;115;124;93;23695
1702;Sara;Del Pozo;Pereda;M;31495847S;Avenida del Bajorrelieve 158, 1º 5ª;Sabadell;Barcelona;8341;670-063-139;937-509-109;s.de@mail.com;23/09/1970;156;203;96;22242
1703;Remedios;Sánchez;Carrasco;M;67897895D;Calle la Batalla Nueva 204, 4º 3ª;Logroño;La Rioja;26079;627-603-391;941-699-041;remediossanchez@mail.net;29/06/1947;24;139;38;15420
1704;María Pilar;Jiménez;Ruiz;M;16348863A;Paseo Invisible 94, 2;Parla;Madrid;28048;684-820-239;912-624-536;jimenez61@correo.net;22/01/2000;189;93;88;24668
1705;Daniel;Jiménez;Elías;H;26674657Q;Plaza el Ribosoma Cómico 65, 4º;Murcia;Murcia;30183;604-881-984;968-325-598;djimenez21@correo.es;25/03/1972;281;342;38;19309
1706;José Luis;García;Rodríguez;H;37994369W;Calle del Laceramiento Listo 229, 2º;Arona;S.C. de Tenerife;38349;675-565-416;922-718-405;jos.garcia@mail.com;16/07/1977;183;338;46;16923
1707;Ramona;Rodríguez;Sánchez;M;19668823M;Plaza del Astronauta 8, 4;Blanes;Gerona;17672;608-684-393;972-342-852;ramrodriguez@correo.net;23/09/1952;64;460;71;22618
1708;María Carmen;Gutiérrez;Jiménez;M;60714659H;Calle  Repercusión Gélida 150, 2º 2ª;Málaga;Málaga;29632;683-405-972;956-426-645;gutierrez72@correo.com;26/07/1958;146;149;64;19198
1709;Cristina;Ortiz;Martin;M;81378730S;Avenida Oficial Bonito 230, 6º;Cabra;Córdoba;14506;617-835-724;957-380-735;criortiz@email.es;21/02/1971;228;315;42;21072
1710;Ángel;Herrera;Juárez;H;41528419X;Avenida Medieval Serio 205, 6º;Gerona;Gerona;17432;624-999-721;972-927-186;a.herrera@email.com;29/01/1984;55;380;30;23596
1711;José Manuel;González;Lozano;H;72180832R;Calle de  Envase 26, 6;Vic;Barcelona;8121;618-733-129;930-125-295;josgonzalez@email.com;25/08/1978;29;273;85;21576
1712;Ana María;Arregui;Fernández;M;37441907T;Avenida de  Acaecimiento 273, 4º;Móstoles;Madrid;28140;683-643-685;914-582-851;arregui66@email.com;08/12/1951;357;102;69;21368
1713;María Dolores;Martínez;Morato;M;15787686A;Calle Sustentación 61, 6º;Figueras;Gerona;17883;602-105-928;972-017-333;mar.martinez@correo.com;08/11/1938;168;126;82;21014
1714;Idoia;Francés;Jiménez;M;86231666C;Plaza Divergente 107, 5º 5ª;Gerona;Gerona;17123;678-747-888;972-226-231;idoiafrances@correo.com;27/06/1941;323;170;62;20179
1715;Rocío;Fernández;Ortega;M;82765255P;Plaza Revisión 27, 3;Castelldefels;Barcelona;8169;610-984-140;932-792-498;fernandez86@mail.net;14/11/1961;126;149;45;20463
1716;Raúl;Maldonado;Berrocal;H;06423667C;Calle Batalla Audaz 278, 1;Parla;Madrid;28627;670-206-752;915-161-627;rmaldonado@correo.com;09/03/1937;338;127;52;17867
1717;Alberto;Marfil;Galán;H;09589703Z;Plaza Buscador 150, 5º 1ª;Madrid;Madrid;28594;658-144-573;914-121-176;marfil3@email.com;26/01/1948;263;223;48;20859
1718;Josefa;Sánchez;Suarez;M;20914964Y;Calle de  Justicia 185, 3º 6ª;Alicante;Alicante;3317;628-747-601;969-958-912;josefasanchez73@email.es;19/10/1981;266;279;82;17397
1719;Francisco;Ponce;Moyano;H;91213630T;Avenida Divisible 200, 1º 3ª;Madrid;Madrid;28015;637-496-180;913-287-045;ponce57@mail.com;17/01/1972;287;104;97;18484
1720;María;Ortiz;Costas;M;44175973B;Avenida el Bisiesto 250, 5;Palencia;Palencia;34282;681-558-877;979-894-273;maria.ortiz@mail.com;14/08/1968;20;226;59;18570
1721;Sara;Tomas;Guerra;M;57295132Q;Avenida de  Sosiego 207, 3;Sagunto;Valencia;46285;626-628-711;964-533-212;saratomas@email.com;07/07/1994;467;196;37;22890
1722;Josefa;Traore;González;M;30162923X;Paseo Arteriosclerosis 268, 1º 3ª;Sitges;Barcelona;8261;611-990-787;939-305-131;jos.traore@email.es;31/08/1996;13;462;94;22350
1723;Antonia;Monzo;Ruiz;M;29769072B;Calle Hallazgo Rápido 25, 6;León;León;24120;640-751-901;987-037-201;amonzo35@email.es;19/05/1979;140;189;31;17077
1724;Adrián;Martínez;Pérez;H;87560939P;Plaza Predisposición 254, 5º;El Prat de Llobregat;Barcelona;8657;659-494-134;939-723-161;martinez25@mail.net;04/01/1994;242;284;41;15821
1725;Francisca;Díaz;Vargas;M;55139911X;Avenida Icónico Agotado 120, 4º;Gijón;Asturias;33747;605-664-932;980-874-162;fdiaz13@mail.es;30/04/1983;468;19;32;20071
1726;Montserrat;Rodríguez;Mora;M;80717163C;Avenida Rehabilitación 181, 2º;El Puerto de Santa María;Cádiz;11951;685-650-764;956-413-507;rodriguez90@email.com;09/08/1950;25;248;40;17547
1727;Josefa;Sierra;Garriga;M;19552895C;Avenida de  Viceversa Prolija 273, 5º 3ª;Madrid;Madrid;28940;619-799-813;918-913-218;jossierra@correo.net;08/01/1976;267;293;65;19010
1728;Ana;Lozano;Prieto;M;35178372X;Avenida de  Devastación Abstracta 214, 3;Santander;Cantabria;39841;653-709-134;942-458-256;analozano@email.net;31/07/1952;336;33;82;23594
1729;Silvia;García;Fernández;M;99506836G;Plaza del Deslizamiento Humilde 238, 6;Barcelona;Barcelona;8501;657-234-440;931-725-440;garcia70@email.net;05/05/1966;348;349;64;24803
1730;Sara;Gutiérrez;Rodríguez;M;71397973Q;Plaza del Bacilo 111, 2º;Ponferrada;León;24375;697-574-560;987-513-201;sgutierrez@email.com;15/04/1951;201;272;75;20437
1731;Elena;Arenas;Casas;M;75359534B;Paseo Brevedad Enferma 170, 4;Plasencia;Cáceres;10646;629-040-591;927-822-676;elearenas@mail.es;20/10/1936;400;279;96;16249
1732;Fernando;García;Torregrosa;H;90172904R;Calle Programario Luminoso 127, 4º;Castellón de la Plana;Castellón;12857;640-579-455;964-910-091;fergarcia@correo.es;02/06/1944;6;304;97;15099
1733;Francisco;Calatayud;Puerta;H;51434372R;Plaza de  Hidrógeno Inquebrantable 130, 5º;Mérida;Badajoz;6916;654-606-397;924-963-340;fra.calatayud@correo.net;23/12/1971;216;97;64;20344
1734;Pilar;Ribera;Mera;M;30814496Q;Paseo Débil Cauto 182, 1º;Barcelona;Barcelona;8118;681-318-145;931-076-664;pilarribera@mail.com;04/04/1942;139;91;81;20434
1735;Ana;Martínez;Carrillo;M;73011072X;Plaza de la Bienaventuranza Deportiva 36, 2º;Logroño;La Rioja;26012;607-067-191;941-587-734;martinez52@mail.net;29/10/1957;423;428;54;22456
1736;Juan;Gómez;Morata;H;32433609K;Paseo Decisión 94, 5º 1ª;Castellar del Vallés;Barcelona;8488;667-122-327;938-939-823;j.gomez@mail.es;03/11/1961;341;287;63;21086
1737;Laura;Cid;González;M;77554810Y;Paseo la Oposición 89, 6º;Vitoria;Álava;1436;681-495-477;945-764-916;lauracid@mail.com;21/04/1951;481;15;46;21816
1738;Pilar;De la Rosa;Martínez;M;66644070Y;Avenida Perspicaz 290, 2º;Madrid;Madrid;28303;642-199-847;918-048-107;p.d@email.net;27/06/1956;323;388;95;15645
1739;Ángel;Guillen;Álvarez;H;35522240M;Paseo Pretensión Veloz 246, 2;Oviedo;Asturias;33031;669-992-319;983-144-035;guillen16@email.net;19/07/1980;6;402;97;23765
1740;José;González;Fernández;H;27503932A;Avenida Trascendental Listo 76, 3º 2ª;Denia;Alicante;3604;660-660-913;964-294-978;josegonzalez@mail.com;18/01/1943;358;89;30;16613
1741;José Manuel;Monroy;Ferrer;H;67213937W;Calle Antecesor Moderno 267, 1;Zaragoza;Zaragoza;50377;633-940-940;976-862-952;josmonroy@correo.es;04/10/1949;94;246;53;23808
1742;José Luis;Da Silva;Alba;H;01219992A;Plaza la Estrella Inquebrantable 119, 1;Vigo;Pontevedra;36976;608-196-141;986-111-774;josd31@email.net;09/11/1967;447;21;72;21834
1743;Joan;Domínguez;Pérez;H;06425299L;Plaza Posibilidad 297, 1º 3ª;Valencia;Valencia;46433;636-278-280;964-343-153;joa.dominguez@correo.es;25/07/1999;377;30;32;21853
1744;María Mercedes;López;Alonso;M;67362097L;Paseo  Adversativo 132, 5º;Los Realejos;S.C. de Tenerife;38069;674-485-567;922-581-866;marilopez@mail.com;18/02/1959;342;103;56;19807
1745;Daniel;García;Mozo;H;36508523W;Calle Ascendencia 155, 4º;Castellón de la Plana;Castellón;12345;689-281-762;964-007-544;dgarcia@mail.net;04/10/1996;26;382;96;18766
1746;Rafael;Moreno;Navarro;H;82469078W;Calle Explosión 248, 5;Majadahonda;Madrid;28179;619-464-849;917-195-183;rmoreno40@mail.es;27/12/1991;110;253;78;24820
1747;José;Chacón;Suarez;H;93512213D;Plaza Covalente Deportivo 215, 2º;Alicante;Alicante;3228;630-893-217;968-561-250;jchacon11@correo.com;15/08/1984;385;151;69;19700
1748;Juan;Conde;Martin;H;45375222V;Plaza de  Bovino 160, 2;Ponferrada;León;24639;612-418-167;987-733-100;jconde100@correo.es;26/03/1955;472;456;74;21888
1749;Enrique;Pérez;Sáez;H;20011622N;Calle Básico Bajo 141, 5º;Alicante;Alicante;3619;659-311-155;961-892-423;enrperez@mail.com;17/05/1972;369;5;76;15675
1750;Alejandro;Jiménez;García;H;70811479E;Avenida de  Oposición Eficiente 263, 4º;Madrid;Madrid;28710;638-550-514;911-181-084;alejandrojimenez@email.com;16/08/1987;361;43;45;15503
1751;Salvador;González;Robles;H;28269456H;Avenida Parsimonia 37, 6º;Pontevedra;Pontevedra;36536;668-348-848;986-505-689;sgonzalez86@correo.es;31/05/1960;159;357;77;23797
1752;Francisco Javier;García;Rodríguez;H;16589153N;Paseo el Lumen Moderno 173, 5º;Manacor;Islas Baleares;7905;652-196-368;971-014-933;fragarcia85@mail.com;06/05/1957;112;377;51;21218
1753;Víctor;Vera;Cascales;H;67011069V;Avenida de la Obediencia Gentil 208, 3º;Las Rozas de Madrid;Madrid;28828;685-613-923;917-439-579;victorvera@email.es;12/03/1960;348;394;81;20326
1754;Xavier;González;Cámara;H;40239150Y;Paseo  Nucela 195, 6;Santurce;Vizcaya;48171;691-864-936;944-144-937;xavgonzalez@mail.com;09/06/1942;180;374;40;19061
1755;Víctor;López;Garrido;H;27178253G;Paseo  Lúteo Independiente 296, 6º;Gijón;Asturias;33106;697-676-483;985-278-873;vlopez@mail.net;17/12/1940;12;107;83;22743
1756;Josefa;González;Galán;M;21320101K;Avenida  Evangelio 125, 6º;Madrid;Madrid;28540;673-964-648;916-140-054;jos.gonzalez@email.com;01/06/1986;386;445;37;21504
1757;Carmen;Lima;González;M;19971633C;Calle Maquinaria Difícil 294, 5;El Masnou;Barcelona;8157;618-657-173;939-677-041;clima@email.com;21/10/1963;15;10;79;23439
1758;María Carmen;Moreno;Martínez;M;80752705G;Calle Homónimo Venenoso 215, 4;Barberá del Vallés;Barcelona;8408;683-095-650;932-861-869;m.moreno@correo.es;03/09/1998;131;347;32;18059
1759;Sergio;Rojo;Anguita;H;54729522X;Plaza de la Tradición 45, 5º;Arona;S.C. de Tenerife;38485;614-809-786;922-269-717;srojo@correo.es;27/11/1945;18;497;34;18962
1760;María Carmen;Méndez;Jiménez;M;55966864K;Paseo lo Hervido 6, 4;Arcos de la Frontera;Cádiz;11870;644-296-180;956-582-871;mmendez88@mail.com;11/04/1942;394;81;40;22638
1761;Antonio;Mota;Sánchez;H;24884547L;Paseo Hectárea 253 bis, 1º 1ª;Zaragoza;Zaragoza;50177;684-670-485;976-388-758;antmota@mail.net;25/09/1981;246;153;50;21094
1762;Francisco Javier;Villalba;Amat;H;69365601Q;Calle del Abecedario Bonito 297, 2;Sevilla;Sevilla;41156;612-409-324;954-744-794;franciscvillalba@correo.es;26/08/1997;14;305;89;18174
1763;Paloma;Rueda;Casado;M;59022247S;Plaza Décimo 142, 4º;Viladecans;Barcelona;8084;668-746-035;939-313-946;rueda91@mail.net;16/10/1956;481;203;59;22875
1764;Salvador;Manrique;Pérez;H;80475358Z;Calle Disciplina Valiente 282, 5º;Madrid;Madrid;28328;652-461-702;912-131-508;salmanrique@email.net;04/12/1955;97;442;70;15837
1765;Miguel Ángel;Manchón;García;H;32462929Q;Plaza Parsimonia Baja 220, 6º 1ª;Santa Eulalia del Río;Islas Baleares;7958;694-984-276;971-652-281;manchon98@email.es;21/05/1935;482;389;96;18770
1766;Roberto;Lora;Amaya;H;48974574F;Plaza Coalición 282, 5º;Móstoles;Madrid;28101;615-542-904;918-544-133;roblora@email.com;19/01/1965;215;105;65;23081
1767;Francisco;Domínguez;Moreno;H;15037829S;Plaza Egipto 209, 5º 4ª;Manacor;Islas Baleares;7974;682-505-027;971-128-149;fradominguez@mail.es;11/01/1985;448;218;95;23974
1768;Manuela;Carrasco;Herrera;M;92473127V;Calle Biblia 67, 2º;Guecho;Vizcaya;48121;634-271-911;946-772-193;manuela.carrasco@email.com;20/04/1996;26;305;80;22044
1769;Rosario;García;Gil;M;01471056E;Calle Inducción Fácil 47, 2;Jaén;Jaén;23232;603-286-114;953-291-075;rgarcia89@email.es;23/10/1958;256;216;77;17685
1770;Albert;Espinosa;Osorio;H;53536835B;Calle de la Desinencia Ansiosa 100, 5º 3ª;Villanueva y Geltrú;Barcelona;8135;646-855-581;934-061-756;espinosa67@mail.es;19/11/1977;422;117;74;23717
1771;Ignacio;Uriarte;Iglesias;H;61018041F;Plaza Maleable Cortés 119, 1º;Barcelona;Barcelona;8678;628-668-039;936-708-451;ign.uriarte@email.es;07/08/1953;302;437;53;24938
1772;Francisco;Royo;Sánchez;H;32883751F;Calle Prevención Sonora 48, 2º 2ª;Barcelona;Barcelona;8326;678-410-085;930-468-389;francisco.royo@correo.net;04/09/1952;419;229;50;21273
1773;Isabel;Caballero;Romero;M;53415131T;Calle Consistencia Cruel 102, 1;Utrera;Sevilla;41198;668-996-677;954-003-923;isabelcaballero@email.com;10/07/1975;290;172;88;15356
1774;Alicia;Martin;Rojas;M;52565726P;Plaza de  Explosión Bonita 5, 4º;Ciudad Real;Ciudad Real;13930;615-333-358;926-550-957;aliciamartin75@mail.es;14/05/1973;266;362;64;16075
1775;María;Galindo;Velasco;M;51451232W;Calle Subordinación Azul 258, 4º 6ª;Marrachí;Islas Baleares;7074;634-396-658;971-242-304;galindo45@mail.net;05/07/1934;51;272;86;17631
1776;Carlos;López;Heredia;H;49147701J;Paseo de  Partenocarpia 237, 1º 3ª;Siero;Asturias;33614;663-022-271;983-974-750;clopez69@mail.com;24/11/1951;159;92;98;21823
1777;Josefa;Medina;Fraga;M;26734544B;Plaza División Prolija 278, 6º;Zamora;Zamora;49777;638-958-702;980-505-171;medina3@mail.net;22/03/1994;426;124;70;24989
1778;María Luisa;Losada;Núñez;M;70244934J;Paseo  Nucela 127, 1;Benalmádena;Málaga;29981;675-850-560;958-387-793;losada26@email.com;15/11/1990;8;206;65;23249
1779;Alejandro;García;Benítez;H;96885689Y;Paseo de  Sociedad 149, 1;Valladolid;Valladolid;47608;675-393-550;983-858-880;alejandrogarcia81@email.net;10/05/1950;129;18;65;23707
1780;José Manuel;Rodríguez;Ramiro;H;79389715V;Calle la Descriptiva 282, 5º;Tarrasa;Barcelona;8224;625-465-524;934-969-155;josrodriguez@correo.net;03/08/1947;466;288;58;24610
1781;Joan;Hernanz;Quintas;H;13945033H;Paseo el Cautiverio Etéreo 275, 5º 3ª;Lorca;Murcia;30908;663-071-401;968-513-373;joahernanz@mail.es;05/02/1966;180;11;83;21931
1782;Teresa;Alonso;Serrano;M;27611523T;Plaza Sociedad 241, 4;Madrid;Madrid;28178;669-496-200;914-235-347;talonso@correo.net;26/08/1950;99;46;34;18203
1783;Juan Antonio;Melero;San Miguel;H;97558962T;Avenida Colección Marrón 151, 4;Elda;Alicante;3941;674-428-285;969-873-260;melero80@mail.net;03/09/1933;262;126;42;17839
1784;María Teresa;Cid;Gómez;M;19155705V;Calle Envoltura Fría 300, 2º 3ª;Lalín;Pontevedra;36926;649-446-996;986-923-167;maricid@correo.com;01/03/1981;377;341;77;20816
1785;Raúl;Jiménez;Sillero;H;12883611T;Avenida Insercción Bondadosa 258, 1º 5ª;Murcia;Murcia;30223;686-544-679;968-379-910;raujimenez@mail.net;15/02/1998;232;165;84;23095
1786;Carmen;Martínez;González;M;44989993S;Avenida Escena Responsable 129, 1;Albacete;Albacete;2963;619-207-326;967-689-093;carmenmartinez20@email.net;09/07/1965;71;309;33;22211
1787;Daniel;Rodríguez;Zapata;H;79307175R;Avenida  Inhabilitación Inquebrantable 118, 6;Parla;Madrid;28387;615-410-069;910-733-996;danielrodriguez@email.net;24/12/1955;182;166;83;20872
1788;Adrián;García;Martínez;H;04981155E;Paseo Universo Responsable 250, 4º 5ª;Ibi;Alicante;3732;670-583-083;964-402-683;adrgarcia@mail.net;21/06/1943;236;442;98;20772
1789;Antonia;Prada;García;M;49071222D;Calle Predación Inquebrantable 246, 6;Alcobendas;Madrid;28826;614-170-094;915-314-901;antprada11@correo.net;26/12/1982;199;97;39;21267
1790;Albert;Martínez;Alonso;H;07123953W;Avenida la Democracia Generosa 233, 5º 4ª;Lloret de Mar;Gerona;17235;629-563-758;972-485-823;albmartinez@email.net;21/11/1951;80;186;97;18690
1791;David;Andrés;Márquez;H;84647186X;Paseo de  Prohibición 230, 2º;Mataró;Barcelona;8894;682-948-117;939-013-549;d.andres@mail.com;18/07/1943;239;249;97;22011
1792;Miguel;Sánchez;Álvaro;H;59699842F;Paseo de la Génesis Rápida 296, 6º 5ª;Bilbao;Vizcaya;48600;686-882-499;944-597-527;sanchez11@correo.com;16/09/1992;122;453;86;23565
1793;Ángel;Sánchez;Ruiz;H;70549710Q;Plaza Circunferencia 271, 3º;Badajoz;Badajoz;6477;635-223-594;924-641-778;angelsanchez@correo.net;31/07/1962;24;247;60;20590
1794;Ramón;Campuzano;Márquez;H;42320312J;Calle Hipertensión Enferma 78, 2;La Coruña;La Coruña;15112;694-017-378;981-739-912;rcampuzano73@mail.com;18/07/1991;492;148;59;21220
1795;Sara;Chamorro;López;M;30332932A;Paseo Servicio 53, 2;Dos Hermanas;Sevilla;41147;656-357-977;951-040-425;sar.chamorro@mail.com;07/12/1992;179;372;95;22443
1796;Francisco José;Haro;Camacho;H;77793707W;Calle Genealogía 246, 6º 4ª;Oviedo;Asturias;33230;693-573-988;982-657-362;fra.haro@email.es;25/09/1933;293;198;53;24261
1797;Jesús;Pérez;Vidal;H;51377354T;Plaza el Examen Humilde 152, 4º 5ª;Alfaz del Pi;Alicante;3701;636-027-196;969-040-959;jperez12@mail.net;17/04/1964;405;397;50;24393
1798;María;García;Guillen;M;97750075Y;Calle Genoma Enfermo 250, 1º;Cornellá de Llobregat;Barcelona;8966;642-688-244;932-065-162;m.garcia@email.es;25/11/1968;8;171;43;15399
1799;José;Jiménez;Fernández;H;36430381Z;Paseo Ambición Gorda 135, 1º 4ª;Rota;Cádiz;11551;602-175-646;956-147-370;josjimenez@correo.net;23/10/1958;439;205;79;18665
1800;Iván;Fernández;García;H;94637432E;Plaza de la Concepción Eficiente 111, 5º;Guecho;Vizcaya;48455;654-184-160;942-356-201;ivafernandez57@correo.net;09/03/1948;343;122;56;17563
1801;Marcos;Martínez;Morales;H;45538029F;Avenida Hemograma 258, 4º 2ª;Barcelona;Barcelona;8826;689-332-450;938-626-901;marcosmartinez1@correo.com;01/06/1970;477;337;57;20865
1802;Jorge;Baena;Álvarez;H;79729604N;Plaza Diagnóstico 272, 1;San Vicente del Raspeig;Alicante;3321;680-618-378;968-172-828;baena52@correo.es;20/12/1944;303;66;38;23981
1803;David;Vargas;León;H;60358957B;Paseo Presencia 42 bis, 5;Tortosa;Tarragona;43914;666-011-007;977-493-357;dvargas43@correo.com;02/10/1958;467;108;100;19569
1804;Alejandro;García;Pajares;H;17364564R;Plaza Fortuna Compasiva 171, 5º;Calviá;Islas Baleares;7631;693-544-781;971-760-632;alegarcia@email.com;02/10/1993;362;319;85;22922
1805;Yolanda;Navarro;Pons;M;70747530J;Avenida Transferencia Amorosa 214, 6º 4ª;Getafe;Madrid;28961;697-751-296;916-628-952;ynavarro@mail.net;12/01/1998;153;160;98;23370
1806;María Carmen;Velasco;Fernández;M;41418761Q;Avenida  Bautismo 193, 3º;Durango;Vizcaya;48288;630-606-421;943-917-103;mvelasco56@mail.net;17/06/1965;292;51;96;21784
1807;Carmen;Giménez;Benítez;M;36521471R;Plaza Bisectriz Caliente 28, 2º 3ª;Vigo;Pontevedra;36957;653-381-555;986-538-471;car.gimenez@mail.es;20/05/1953;76;332;48;18140
1808;Francisco;Marfil;Torres;H;44858809T;Calle Comercialización Cruel 280, 3º 4ª;Getafe;Madrid;28509;679-611-375;918-648-190;framarfil29@mail.es;18/02/1997;317;345;53;18157
1809;José Luis;Castillo;López;H;14134086B;Paseo Bovino 233, 6;Palma de Mallorca;Islas Baleares;7539;662-081-048;971-090-959;castillo42@email.com;27/08/1951;332;130;73;15341
1810;José María;Rodríguez;Chamorro;H;38838553V;Plaza Semblanza 199, 1º;Isla Cristina;Huelva;21358;664-271-982;959-155-561;josrodriguez@mail.com;07/10/1966;119;41;84;17760
1811;Luis;Morales;Dalmau;H;92898011E;Calle  Híbrido 186, 6º 1ª;Mataró;Barcelona;8946;678-875-419;938-521-126;morales7@email.net;22/01/1973;497;217;68;24467
1812;José María;Aguilar;Mesa;H;21155111X;Plaza el Víbora 57, 1º;Tarrasa;Barcelona;8004;643-860-820;934-644-209;aguilar58@mail.es;16/04/1974;244;249;77;22127
1813;Álvaro;Torrente;González;H;59227779L;Calle  Selección Cortés 33, 2º 2ª;Valencia;Valencia;46330;641-419-314;961-095-151;atorrente@correo.es;25/04/1971;96;469;46;23575
1814;Sergio;Fernández;Santana;H;02618875A;Calle de  Sabiduría 237, 1;Málaga;Málaga;29899;661-875-226;954-756-979;serfernandez@email.es;27/06/1963;492;40;31;22612
1815;Mónica;Cantos;Pérez;M;41612930L;Calle Consideración 171, 5º 6ª;Vinaroz;Castellón;12355;604-447-875;964-505-624;moncantos51@correo.net;23/01/1974;252;159;65;22574
1816;José;Caballero;Abellán;H;02039556P;Avenida Habladuría 173, 6;Cartagena;Murcia;30919;643-748-519;968-981-348;jose.caballero@correo.net;21/09/1948;66;115;57;22454
1817;Teresa;Martin;Heras;M;93929366B;Plaza la Adaptación Compasiva 55, 4º;Paiporta;Valencia;46957;623-742-250;960-247-052;tmartin@correo.es;10/02/1996;381;492;59;19866
1818;Tomas;Constantin;Berenguer;H;86245654R;Calle Acrobacia 297, 1º 6ª;Motril;Granada;18091;629-569-948;958-850-837;tom.constantin@mail.net;19/05/1933;322;306;57;20193
1819;Isabel;García;Real;M;41719598J;Plaza  Júbilo Honesto 84, 3;Cádiz;Cádiz;11502;676-065-692;956-424-543;isagarcia@email.net;25/02/1990;441;477;35;15999
1820;Inmaculada;Soria;Núñez;M;14573800B;Plaza de la Connotación 181, 1º 2ª;Requena;Valencia;46091;688-684-815;964-567-289;inmaculadasoria50@email.es;09/03/1946;483;296;66;19924
1821;María Luisa;Calderón;Manchón;M;93512604D;Avenida de la Traslación 254, 4º;Valencia;Valencia;46067;628-796-629;963-714-631;maricalderon@mail.com;14/10/1940;331;263;80;22472
1822;José María;González;Muñoz;H;59252430Z;Avenida Función 39, 4º;Guía de Isora;S.C. de Tenerife;38404;661-642-209;922-544-055;josgonzalez@mail.com;13/05/1948;281;183;77;23220
1823;Pedro;Rico;Gómez;H;04924468F;Avenida Asia 87, 1;Palma de Mallorca;Islas Baleares;7173;683-170-037;971-466-249;ped.rico@email.es;13/02/1995;25;124;97;22901
1824;Ángel;Milla;Morales;H;79663110B;Calle de  Hitita 88, 1;Málaga;Málaga;29295;697-268-797;952-521-670;milla83@mail.es;07/08/1954;183;45;81;21117
1825;José;Martin;Domínguez;H;43384637J;Calle  Astronauta 254 bis, 5º 2ª;Tarrasa;Barcelona;8023;648-697-851;931-996-098;josemartin36@email.net;18/02/1971;140;262;41;15377
1826;Álvaro;Moreno;Fernández;H;61629824J;Calle Bisílabo 142, 3;San Feliú de Llobregat;Barcelona;8493;665-628-346;938-242-280;alvmoreno95@mail.es;06/10/1964;248;474;64;17423
1827;María Mercedes;Sebastián;Gil;M;24478957B;Plaza el Adversativo Suculento 262, 2º 3ª;Ames;La Coruña;15406;657-454-133;981-134-200;sebastian10@mail.com;23/09/1996;91;54;48;24101
1828;Alba;Domínguez;Barrado;M;61118932C;Calle Erlemeyer Nuevo 130, 4º;Vélez-Málaga;Málaga;29137;624-188-242;952-270-730;albadominguez90@email.es;26/12/1974;142;476;31;18239
1829;Francisco Javier;Padilla;Corral;H;93823999F;Avenida Ovíparo Bondadoso 214 bis, 4º 3ª;Madrid;Madrid;28411;637-774-897;919-889-242;francisc.padilla@email.es;11/01/1943;445;306;56;17410
1830;Juana María;Pérez;Saavedra;M;49814554G;Avenida Concentración 290, 4º 4ª;Badalona;Barcelona;8292;636-923-884;936-715-304;juaperez@mail.es;03/07/1937;82;455;81;21467
1831;María Carmen;Jiménez;Arroyo;M;10464212V;Paseo  Júbilo 29, 4;Zaragoza;Zaragoza;50725;616-289-141;976-159-304;marjimenez4@mail.net;07/12/1977;336;17;41;22608
1832;Carmen;Molina;Meneses;M;69794336P;Avenida de  Persuasión 50, 6º 2ª;Alicante;Alicante;3512;605-559-577;963-650-995;carmolina@email.net;28/06/1982;55;255;41;17253
1833;Manuel;Pino;Sánchez;H;68446639L;Plaza Reminiscencia Ansiosa 122, 3º;Málaga;Málaga;29966;625-481-407;953-945-065;manuel.pino@correo.com;17/03/1948;77;376;85;16145
1834;Andrea;Tortajada;Pérez;M;35892208H;Plaza Reversible 43, 3º;Las Palmas de G. C.;Las Palmas;35169;694-447-303;928-397-569;tortajada44@mail.net;31/05/1961;103;338;81;21351
1835;Isabel María;Suarez;Hernández;M;72366585Y;Paseo Paciencia Gentil 240, 2;Talavera de la Reina;Toledo;45994;635-729-777;925-024-656;isa.suarez@correo.net;20/10/1977;299;111;66;18287
1836;María;Sánchez;De la Fuente;M;92788983Z;Avenida  Religión 154, 2º;Madrid;Madrid;28274;646-267-104;914-897-329;sanchez49@email.net;23/10/1991;298;191;40;17205
1837;Jesús;Alonso;Cordón;H;57027261A;Plaza Decadencia 215, 1º 4ª;San Juan Despí;Barcelona;8389;669-877-625;939-382-316;jalonso@email.es;08/04/1949;378;38;83;19609
1838;Ana María;García;Barco;M;15768330J;Plaza del Servicio 125, 1º;Tomares;Sevilla;41680;660-674-060;952-658-224;garcia76@mail.com;18/11/1945;198;123;62;21629
1839;Alicia;Rivera;Ortega;M;94251019D;Calle Fisiología 241 bis, 6º 6ª;Las Palmas de G. C.;Las Palmas;35821;671-870-316;928-987-063;alirivera30@mail.com;05/06/1955;351;219;74;20027
1840;Alberto;Rey;Carrillo;H;71776356A;Plaza de la Resignación Etérea 298, 3º;Valencia;Valencia;46262;657-489-031;965-972-270;albertorey@mail.com;10/09/1989;296;436;83;15996
1841;Alejandro;Rico;Arguelles;H;76118138Y;Paseo Conserva Simpática 125, 6º 6ª;Madrid;Madrid;28453;619-762-892;919-974-210;alerico@correo.com;24/12/1986;246;119;60;21099
1842;José María;Suarez;Mellado;H;44612932Q;Calle lo Transitivo Estudioso 291, 6;Puebla de Vallbona;Valencia;46000;624-744-338;962-466-438;jossuarez@correo.net;08/07/1999;354;173;58;23648
1843;María Jesús;Martin;Gómez;M;05143448G;Avenida  Sinalefa 270, 2º;Hospitalet de Llobregat;Barcelona;8931;646-059-000;934-105-305;mmartin@email.net;28/09/1987;196;411;48;19477
1844;Cristina;Cano;De la Peña;M;08747384R;Paseo de la Frase Abierta 14, 3º;Torrente;Valencia;46708;678-371-117;966-580-966;cano74@email.es;01/05/1947;116;485;93;22761
1845;David;López;Agüera;H;62309909B;Paseo de  Cívico Valiente 222 bis, 6º 3ª;Zaragoza;Zaragoza;50511;680-847-173;976-339-596;lopez73@mail.net;16/08/1992;359;316;50;15803
1846;José Manuel;Rosado;López;H;83054051Q;Avenida Sílaba Culta 192, 1º;Molins de Rey;Barcelona;8017;616-656-022;936-654-508;josrosado15@correo.com;22/10/1961;403;98;90;24943
1847;José Antonio;Pradas;Gallego;H;17659893X;Plaza de  Concentración 235, 5º;Pamplona;Navarra;31392;694-349-752;948-246-036;jospradas11@mail.net;29/11/1980;440;252;32;19284
1848;María Isabel;Notario;Valdés;M;25225714G;Calle Rehabilitación Sabia 56, 5;Melilla;Melilla;52740;697-239-499;952-019-208;mariaisabelnotario@mail.com;15/07/1945;88;67;97;18182
1849;Josefa;Díaz;Vargas;M;74742017K;Paseo el Vulcanismo Aburrido 180, 2;Oviedo;Asturias;33702;625-947-285;985-156-454;diaz8@correo.net;06/11/1973;88;412;60;19728
1850;Laura;Abreu;García;M;50661557D;Plaza  Sugerencia 34, 2º 1ª;Llucmajor;Islas Baleares;7606;639-430-763;971-734-554;lauabreu37@correo.com;01/10/1990;256;217;93;18679
1851;José Antonio;Hernández;López;H;33935422A;Calle la Predisposición Brillante 218, 2;Soria;Soria;42782;600-836-804;975-699-449;joseantonio.hernandez@mail.net;12/06/1972;333;388;86;24335
1852;Jesús;Mora;Gisbert;H;85041941Q;Calle la Bulimia 166, 4;San Andrés del Rabanedo;León;24185;622-276-158;987-930-513;jesmora@mail.es;08/04/1992;173;143;78;21011
1853;Sergio;Heras;Valenciano;H;24399982H;Calle Conciencia Generosa 88, 4º;Miranda de Ebro;Burgos;9886;630-353-891;947-073-868;heras23@mail.net;08/06/1978;269;113;59;22981
1854;Fernando;García;Ferrer;H;94014706K;Paseo  Vivienda 100 bis, 5º;La Coruña;La Coruña;15534;667-144-701;981-549-602;fergarcia@email.net;23/10/2000;266;178;41;24527
1855;Alex;Fernández;Millán;H;03396039C;Calle de  Conjunción Azul 111, 2;Candelaria;S.C. de Tenerife;38350;607-557-182;922-471-740;fernandez40@email.es;21/04/1982;139;220;68;20697
1856;Antonio;García;Peña;H;68805323H;Calle la Capitulación Sensata 111, 5º 3ª;Málaga;Málaga;29989;615-613-710;951-187-883;garcia77@mail.com;21/01/1955;280;334;89;22089
1857;Anna;Ivars;Fernández;M;52589633H;Calle  Coalición 268, 5;Murcia;Murcia;30764;666-584-054;968-009-366;annivars@correo.net;27/10/1974;19;141;98;20841
1858;Adrián;Pérez;Pérez;H;00218892R;Avenida Convocatoria 17, 3º 5ª;Córdoba;Córdoba;14063;640-195-629;957-987-709;perez77@correo.com;16/12/1980;16;385;50;19891
1859;Francisco;Ferrero;Osuna;H;14073780B;Calle  Concepción 32, 2;Ciudad Real;Ciudad Real;13679;640-378-336;926-070-773;ferrero71@email.es;17/11/1941;2;337;90;17032
1860;José Manuel;Romero;Vega;H;16954563K;Plaza de  Fósil 1, 3º;Parla;Madrid;28769;645-483-468;916-861-911;josromero@correo.com;14/05/1961;267;178;66;21714
1861;José María;Hernández;Beltrán;H;27564151P;Paseo Plasmólisis 87, 6º 2ª;Carmona;Sevilla;41340;653-500-308;950-494-433;jos.hernandez@correo.net;11/01/1982;110;354;63;18340
1862;Margarita;Yáñez;Pérez;M;16076013W;Avenida la Bacteria 73, 6º 6ª;Zaragoza;Zaragoza;50222;678-702-235;976-096-223;maryañez@mail.net;21/12/1953;218;174;60;24764
1863;José;Bravo;García;H;41458320S;Plaza Subvención 211, 1º;Valencia;Valencia;46725;645-935-336;962-396-582;bravo95@email.es;15/07/1934;154;239;63;17393
1864;María Dolores;Viejo;López;M;06125965F;Plaza Laringe 260, 3;Alicante;Alicante;3706;608-109-681;961-753-324;mariadoloresviejo@correo.com;31/01/1950;487;454;45;21129
1865;Carmen;López;Casal;M;30090059X;Paseo Objeción 68, 3º 3ª;Totana;Murcia;30170;686-402-003;968-232-512;clopez@email.es;01/12/1955;218;230;42;19940
1866;David;Álvarez;Bernal;H;13706014S;Plaza del Exilio 166, 2º 6ª;Madrid;Madrid;28402;636-880-498;917-249-094;d.alvarez@email.es;09/04/1951;224;113;65;15391
1867;María Carmen;Martínez;Peris;M;87901328C;Paseo  Galaxia 223, 3º 1ª;Valencia;Valencia;46767;655-890-355;963-005-469;marimartinez31@correo.com;02/05/1965;58;60;99;19867
1868;Begoña;Guerrero;Martínez;M;94204213P;Calle  Fotosíntesis Bonita 223, 5;Las Palmas de G. C.;Las Palmas;35959;641-217-894;928-048-200;bguerrero@correo.net;15/06/1984;367;82;95;23255
1869;José María;Santamaría;Pop;H;75884488J;Calle Desinencia 143, 2º 4ª;Santander;Cantabria;39228;616-205-602;942-935-239;jsantamaria@mail.es;07/03/1950;193;40;53;22314
1870;Javier;Hernández;Alonso;H;88846663D;Avenida Placenta Verde 41, 1;Valencia;Valencia;46501;655-069-891;969-353-574;javierhernandez35@correo.com;30/04/1972;136;350;46;20827
1871;José;Cano;Ruiz;H;28077240J;Plaza de  Escena 61, 1;Valencia;Valencia;46610;636-485-797;962-062-162;cano14@mail.com;25/12/1976;387;62;72;23299
1872;Antonia;Sánchez;Lorenzo;M;27018728F;Paseo Asimilación 281, 5;Elche;Alicante;3053;641-415-779;969-497-781;antsanchez@mail.com;05/10/1962;336;228;57;20944
1873;Óscar;Calderón;Bernárdez;H;51464667M;Paseo Bendición 228, 2º 5ª;Cieza;Murcia;30940;697-142-762;968-155-897;oscarcalderon@mail.net;31/05/1943;466;356;31;19463
1874;Daniel;Díaz;Gómez;H;34210045Y;Calle el Saber Fuerte 43, 5;Baracaldo;Vizcaya;48481;675-711-044;948-194-803;diaz67@correo.net;18/03/1967;45;208;69;17759
1875;Rafael;Priego;Gutiérrez;H;32242439G;Calle Aristocracia 153, 4;Pinto;Madrid;28965;691-391-675;917-831-861;rafpriego@mail.es;15/07/1980;5;358;93;24770
1876;María Carmen;González;Moreno;M;78767313H;Paseo Binomio 105, 3º 3ª;Santa Lucía de Tirajana;Las Palmas;35798;694-994-222;928-786-005;mar.gonzalez@email.net;24/09/1971;142;448;44;23773
1877;Alberto;Dura;Cabrera;H;56880777Y;Plaza Axioma Fácil 164, 4;Vitoria;Álava;1551;637-311-602;945-482-129;albertodura@mail.net;08/11/1940;136;283;82;18859
1878;Dolores;Rodrigo;Cabanes;M;24499554T;Paseo del Adjetivo 235, 1;Pozuelo de Alarcón;Madrid;28912;618-469-073;917-172-137;doloresrodrigo@mail.es;13/01/1973;212;110;83;24690
1879;Juan;García;Cánovas;H;69011253Y;Calle Nucela Serio 125, 6º;Móstoles;Madrid;28847;624-527-041;911-045-572;juangarcia@correo.es;02/03/1989;55;89;66;19841
1880;Carmen;Vera;Parrado;M;73312759Y;Calle Subida 90, 2º;Aranjuez;Madrid;28648;696-642-402;915-670-201;c.vera@mail.com;02/03/1936;198;460;54;15585
1881;María;Olmos;Alcaraz;M;61324357D;Avenida lo Relativo Bueno 71, 6º;Barcelona;Barcelona;8677;634-469-258;933-202-056;molmos81@correo.es;16/05/1991;434;123;88;21842
1882;Francisco Javier;Fernández;Barrena;H;73684088T;Calle Bienvenida 214, 2º;Santander;Cantabria;39430;696-838-540;942-589-347;fernandez64@email.es;17/07/1956;74;309;94;22611
1883;Francisca;Vázquez;Santana;M;13642690X;Calle Descendiente Culto 134, 3º 1ª;Alfafar;Valencia;46094;665-944-779;968-940-766;fvazquez99@email.com;13/10/1961;491;382;46;18973
1884;Montserrat;Jiménez;Vila;M;46428948K;Avenida Conjugación Generosa 225, 1º 5ª;Tres Cantos;Madrid;28817;605-572-971;913-513-486;mon.jimenez@mail.es;23/01/1985;64;131;98;15873
1885;Miquel;Hernández;Guijarro;H;35538361A;Paseo Adyacente 36, 1;Madrid;Madrid;28407;616-373-342;918-740-168;miquelhernandez@correo.net;19/12/1997;380;65;32;15276
1886;Jordi;García;Dimitrov;H;87838400C;Calle el Óvulo Etéreo 233, 3º 2ª;Barcelona;Barcelona;8081;690-175-562;933-328-872;jorgarcia39@email.es;25/07/1948;243;168;45;17360
1887;María Luisa;Peña;Marín;M;81906910T;Calle Eficiencia 229, 5;Badalona;Barcelona;8697;608-650-643;933-277-418;peña75@correo.net;16/07/1977;283;186;52;20743
1888;María Dolores;Parra;López;M;99939408S;Paseo Fotosíntesis 288 bis, 6º;Granada;Granada;18188;638-151-073;958-878-487;mar.parra@email.net;02/03/1949;270;227;65;18633
1889;Marta;Moral;Muñoz;M;88701523E;Avenida Aforo 198, 3º 3ª;Adeje;S.C. de Tenerife;38945;658-663-506;922-630-180;moral64@email.net;01/02/1972;230;49;59;17555
1890;Raquel;Sánchez;Cuevas;M;90074214G;Avenida Nacimiento Feo 29, 6º;Madrid;Madrid;28373;666-335-152;910-223-629;r.sanchez@mail.net;27/11/1939;148;238;73;21819
1891;María Angustias;Martínez;Cuevas;M;08916430C;Avenida Trascendental 96, 3;Alcázar de San Juan;Ciudad Real;13443;602-647-089;926-453-714;mmartinez@email.net;14/07/1939;390;388;63;17946
1892;Nuria;Rodríguez;Salmerón;M;87964952A;Calle Bióxido Feo 105, 4º;Figueras;Gerona;17850;602-386-873;972-770-266;nrodriguez98@mail.es;24/11/1960;107;159;96;15196
1893;Francisco;Bernal;Castellanos;H;71632683B;Calle de  Irregular 224, 5º;Getafe;Madrid;28756;621-462-899;915-020-053;fbernal97@correo.com;12/01/1957;448;288;48;22225
1894;Rafael;Morales;Estrada;H;59515486L;Avenida Diversión 82, 6º;Lorca;Murcia;30435;662-258-519;968-043-353;raf.morales@correo.com;28/07/1983;356;324;51;23413
1895;Ana María;Velázquez;Gómez;M;71281389L;Paseo Calvicie Viajera 122, 1º 6ª;Palma de Mallorca;Islas Baleares;7595;626-686-952;971-998-232;avelazquez@mail.es;28/03/1997;128;41;94;22380
1896;Andrés;Fernández;Martínez;H;75176913X;Plaza de la Constitución Deportiva 64, 5;Madrid;Madrid;28681;659-023-477;911-331-120;a.fernandez@email.es;22/08/1953;90;295;72;20731
1897;Manuel;Duarte;Sureda;H;99194573N;Plaza de lo Macrométrico 150, 3º;Valdepeñas;Ciudad Real;13116;667-549-867;926-885-144;manuelduarte81@mail.es;18/08/1948;160;175;89;22182
1898;David;Giráldez;Mendoza;H;17187353M;Paseo Tragedia Suculenta 133, 4;Santander;Cantabria;39966;634-950-326;942-106-361;davidgiraldez@email.net;25/11/1991;444;274;86;21353
1899;Ángel;Rodríguez;Del Castillo;H;18545079H;Calle Ave Grande 23, 2º 5ª;Candelaria;S.C. de Tenerife;38399;607-178-437;922-483-402;angrodriguez@email.net;25/05/1954;157;373;64;18433
1900;Eva;Soto;Ramón;M;48882843T;Avenida de la Coordinación 240, 3;Baza;Granada;18506;645-051-733;958-438-409;eva.soto@correo.net;15/07/1971;420;137;81;23559
1901;María;Limón;González;M;58547323H;Paseo de  Plasmólisis Fuerte 280, 1;Manresa;Barcelona;8336;617-405-713;937-274-768;mar.limon@correo.com;20/03/1981;416;255;32;16085
1902;Concepción;Gras;Pérez;M;06612396B;Calle Bombilla Humilde 177, 1;Irun;Guipúzcoa;20326;625-645-655;943-682-920;cgras35@mail.net;08/11/1935;432;83;48;16094
1903;Manuel;Rodríguez;Escobar;H;93737034M;Plaza  Débil 73, 2;Zaragoza;Zaragoza;50074;680-333-352;976-476-165;m.rodriguez@email.net;25/07/1940;65;480;77;18995
1904;Antonia;Rodríguez;Saavedra;M;89121890H;Paseo de la Versificación Dulce 131 bis, 1º;Vigo;Pontevedra;36388;633-926-636;986-995-968;ant.rodriguez@correo.net;10/01/1968;245;66;100;19685
1905;Rafael;Flores;Muñoz;H;26290073S;Avenida Cocina 117, 5;Madrid;Madrid;28061;604-875-882;912-080-723;rflores@correo.net;12/07/1966;437;177;72;19333
1906;José Antonio;Cabello;Martin;H;86555103P;Plaza Fotometría Azul 210, 5º;La Coruña;La Coruña;15102;651-156-039;981-408-422;jos.cabello@correo.com;03/10/1945;363;310;44;15888
1907;Carlos;Molina;Serrano;H;76683039G;Avenida Turbulencia Fea 144, 4º;Sevilla;Sevilla;41186;687-844-494;959-738-318;car.molina@correo.es;11/12/1975;295;118;77;23457
1908;Víctor;Córdoba;Garrido;H;47480799J;Plaza Abstracto 220 bis, 5º;Santa Coloma de Gramanet;Barcelona;8689;639-275-217;936-813-353;victor.cordoba@mail.es;22/12/1985;290;426;40;18551
1909;María Ángeles;Gutiérrez;Segarra;M;58957053A;Paseo Precipitación Brillante 229, 5º 3ª;Santa Coloma de Gramanet;Barcelona;8559;676-107-683;938-614-234;gutierrez4@correo.es;26/02/1985;328;234;79;15884
1910;Paula;Moreno;Carracedo;M;26981473N;Calle Responsabilidad Pequeña 279, 2;Barcelona;Barcelona;8246;662-161-429;937-126-973;paula.moreno@email.es;02/05/1944;481;31;41;23427
1911;Laura;Urrutia;Gómez;M;17870375L;Calle de la Bahía Nueva 137, 1º 4ª;Miranda de Ebro;Burgos;9078;639-225-250;947-568-994;urrutia79@correo.es;22/02/1985;331;151;79;18428
1912;Pilar;Suarez;Reina;M;89974945A;Plaza de  Fenicia 296, 5;Alicante;Alicante;3726;649-260-795;962-897-779;psuarez@email.net;06/02/1934;410;457;32;17003
1913;Elena;García;Sanz;M;18662447V;Paseo Invasor Luminoso 147, 5;Algeciras;Cádiz;11274;614-252-470;956-565-660;elenagarcia@mail.es;17/07/1982;487;407;70;20923
1914;Francisco;Valero;Stoica;H;52534443M;Avenida Accesorio Bonito 194, 6;El Ejido;Almería;4814;664-519-139;950-662-903;franciscovalero@mail.net;12/10/1983;376;321;78;18188
1915;Antonio;Almagro;Navarro;H;68023898H;Paseo la Conciencia 240, 2º 4ª;Vitoria;Álava;1663;671-031-885;945-512-307;antalmagro@mail.com;02/01/1966;186;371;33;24271
1916;Juan José;Martínez;Sánchez;H;13500531Z;Paseo Abraham 233, 3º 5ª;Fuenlabrada;Madrid;28151;654-162-332;911-507-487;juanjosemartinez@mail.net;17/01/1989;156;41;48;24651
1917;Ana;Duran;Domínguez;M;26529932F;Plaza Predecesor Suculento 149, 1;Algeciras;Cádiz;11564;695-245-320;956-366-970;anaduran64@correo.net;29/12/1974;449;415;53;21301
1918;Daniel;Roig;Ortiz;H;98301626V;Paseo  Conversión 25, 4;Madrid;Madrid;28563;682-857-519;918-996-052;roig13@correo.com;02/03/1981;262;439;30;20250
1919;José Antonio;Campos;Guirao;H;43935525M;Paseo Fisiología 129, 6;Los Realejos;S.C. de Tenerife;38701;631-917-377;922-034-756;campos98@correo.net;04/03/1951;401;383;66;21865
1920;Fernando;Casado;Peñalver;H;69344164S;Plaza Turgencia 154, 6º;Zaragoza;Zaragoza;50190;676-480-516;976-082-534;fernandocasado@mail.es;30/08/1951;239;226;36;19701
1921;Javier;Godoy;Cano;H;80607859N;Avenida Batalla 169, 2º;Reus;Tarragona;43679;684-821-297;977-588-028;godoy63@mail.net;12/07/1956;393;487;92;17650
1922;Marta;Fernández;Reyes;M;20891082K;Plaza de la Congruencia 121, 3º;Madrid;Madrid;28061;691-225-084;918-802-380;martafernandez@correo.com;07/10/1944;181;308;88;19328
1923;Rafael;Peinado;Martínez;H;29458968Q;Plaza Deshabitado Fuerte 208, 4º;Santa Coloma de Gramanet;Barcelona;8241;683-446-967;936-210-617;rafpeinado15@mail.com;29/01/1955;69;417;86;19639
1924;María Carmen;Álvarez;Fernández;M;28587504E;Paseo Concilio Agotado 272, 5º 6ª;Fuengirola;Málaga;29518;603-019-359;954-607-034;mariacarmenalvarez76@mail.es;20/12/1993;448;423;50;24275
1925;Alex;Ruiz;Utrilla;H;33095766P;Plaza la Constitución 1, 3;Toledo;Toledo;45650;625-904-200;925-687-674;aruiz@email.es;20/01/1971;309;338;55;24900
1926;Cristina;López;Sánchez;M;41338279B;Calle del Enlace 140, 6º;Madrid;Madrid;28047;662-154-637;914-722-173;crilopez@email.net;10/11/1967;496;163;58;16710
1927;Beatriz;Aguilera;Dumitru;M;58793722H;Avenida de la Juventud 134, 5;Vitoria;Álava;1077;652-983-120;945-403-323;beatriz.aguilera@mail.com;02/05/1977;439;402;33;21558
1928;María Dolores;Fernández;Arenas;M;41707020Q;Calle el Amstrong Moderno 117, 3º;Madrid;Madrid;28934;655-337-618;916-436-095;marifernandez@email.es;20/12/1949;307;184;54;19167
1929;María Pilar;Hervás;Álvarez;M;94072633B;Plaza Mesías 201, 5º;Madrid;Madrid;28677;657-157-732;917-247-429;mhervas@correo.net;15/03/1955;179;466;67;22006
1930;David;Rubio;Cortes;H;20164569D;Avenida Conversación Eficiente 77, 5º;San Cristóbal de la Laguna;S.C. de Tenerife;38477;618-446-282;922-651-617;drubio@correo.es;29/08/1979;134;133;80;16358
1931;Francisca;Muñoz;Ruiz;M;04015292K;Plaza Estival Etéreo 268, 2º 1ª;Madrid;Madrid;28216;679-718-916;915-615-600;f.muñoz@mail.com;09/10/1962;257;157;67;19674
1932;Pablo;Fernández;González;H;47487233F;Avenida Aval 235, 5º;Estepona;Málaga;29555;693-785-282;954-786-230;pablofernandez80@email.com;05/05/1933;30;243;66;19792
1933;Francisca;Pérez;Jiménez;M;55481509N;Avenida la Globalización Etérea 213, 4;Madrid;Madrid;28401;626-527-630;917-357-121;franciscaperez@correo.net;24/01/1934;415;390;84;19914
1934;David;García;Martínez;H;78254139C;Calle de  Hidrófobo Bonito 258, 3;Igualada;Barcelona;8432;607-904-740;931-509-564;garcia6@email.com;25/04/1978;138;346;69;16490
1935;María Carmen;Sanz;Espinoza;M;28446253Z;Paseo de  Flexibilidad Venenosa 127, 1º;Pamplona;Navarra;31541;610-682-749;948-554-032;mariacarmen.sanz@email.net;25/06/1960;446;60;90;20396
1936;María Jesús;Fernández;Cordón;M;40586387N;Plaza de lo Verosímil 44, 4;Santa Cruz de Tenerife;S.C. de Tenerife;38924;619-062-774;922-110-404;m.fernandez@email.com;14/03/1949;357;241;90;20449
1937;Antonio;Souto;Espínola;H;32125379Z;Avenida de la Ventosidad Roja 153, 6º 4ª;Salt;Gerona;17973;667-037-324;972-172-178;antsouto@email.es;04/02/1973;182;359;65;21275
1938;Joan;García;González;H;63005842X;Paseo Evangelio 98, 1º 5ª;Lloret de Mar;Gerona;17004;637-462-328;972-122-554;joangarcia@correo.es;18/09/1973;154;425;67;17135
1939;Beatriz;Abad;García;M;53785976Q;Paseo Barbarismo 149, 2;Pinto;Madrid;28388;633-538-051;910-088-594;abad54@mail.net;22/05/1950;328;128;37;16029
1940;María Luisa;Mendoza;Fernández;M;51574432Z;Paseo Acusación 173, 2º 1ª;Reus;Tarragona;43318;682-546-817;977-916-157;mmendoza@mail.es;15/09/1965;213;450;74;21080
1941;Francisco Javier;Arana;Martínez;H;30533720R;Calle Agudizamiento 99, 3;San Fernando de Henares;Madrid;28800;650-613-150;912-461-865;farana@mail.com;06/09/1990;11;322;49;20726
1942;Mónica;Cardona;Salvador;M;99290624S;Paseo la Proposición Mentirosa 293, 5º 2ª;Madrid;Madrid;28864;683-285-068;919-890-615;cardona63@email.com;13/10/1965;293;19;65;19656
1943;Ana María;Sánchez;Martínez;M;93524462E;Avenida la Partenocarpia 180 bis, 3º 3ª;Córdoba;Córdoba;14258;676-164-679;957-600-096;ana.sanchez@email.com;11/01/1966;138;84;64;17911
1944;Fernando;Velasco;Dumitru;H;21635717P;Avenida Fraternidad 158, 4º 1ª;Vigo;Pontevedra;36725;693-174-859;986-335-579;f.velasco@correo.com;03/02/1992;380;174;66;21046
1945;Alicia;Navarro;Herrero;M;63730572X;Calle Callosidad 185, 6;Cuart de Poblet;Valencia;46352;644-814-172;968-784-797;alinavarro@correo.net;01/06/1960;307;8;63;20812
1946;José Luis;Sanz;Ramos;H;85110348K;Paseo la Expulsión 194, 2º 6ª;Las Palmas de G. C.;Las Palmas;35283;699-084-210;928-506-283;jossanz@mail.es;08/05/1992;450;474;96;20620
1947;Diego;Simón;Santos;H;38830210T;Plaza de la Coalición 234, 4º 1ª;San Sebastián de los Reyes;Madrid;28334;600-340-019;918-074-218;diesimon5@email.net;14/06/1975;83;199;51;19474
1948;Montserrat;Vázquez;García;M;10293806H;Avenida Sucesión Cómica 158, 2º 6ª;Tarragona;Tarragona;43701;675-705-207;977-692-887;montserratvazquez@correo.es;05/11/1940;337;162;62;17071
1949;Diego;Fernández;Domínguez;H;12121842Z;Calle Proverbio Fácil 2, 3º;Majadahonda;Madrid;28349;664-610-045;913-911-471;fernandez87@correo.com;01/09/1966;223;221;82;22732
1950;Elena;Hernando;Sánchez;M;05272559Q;Calle de la Predilección Roja 84, 1;Lérida;Lérida;25635;629-926-272;973-312-595;elehernando48@mail.com;10/01/1986;157;359;81;17124
1951;María Carmen;Montaño;Martínez;M;64817997H;Plaza la Construcción Ansiosa 157, 6º 6ª;Santiago de Compostela;La Coruña;15162;635-832-925;981-325-466;mariacarmen.montaño@correo.com;25/09/1963;296;239;42;21559
1952;Silvia;Cámara;Pulido;M;97691424M;Plaza la Genealogía Abierta 32, 6;Armilla;Granada;18634;613-255-281;958-302-038;camara49@correo.com;29/12/1989;249;486;43;22958
1953;Antonio;Pacheco;Martin;H;60266257R;Plaza del Vegetal 69, 5º;Pontevedra;Pontevedra;36741;685-835-623;986-734-369;apacheco65@mail.com;01/11/2000;113;127;56;17615
1954;Jon;Martin;Martin;H;01001948E;Paseo  Triptongo Blanco 38, 1º 4ª;Portugalete;Vizcaya;48002;616-761-650;943-656-614;jonmartin@email.net;26/05/1966;134;256;73;23112
1955;Miguel;Antúnez;Nogales;H;25560883V;Plaza  Prehistoria 293, 4º;Valladolid;Valladolid;47855;663-564-820;983-304-800;migantunez63@email.net;08/12/1934;409;83;39;19255
1956;José;Cruz;García;H;21437081T;Calle Verosímil Gélido 271, 3º;Madrid;Madrid;28791;610-852-845;910-960-089;jose.cruz@email.es;20/10/1951;452;211;85;15598
1957;María Jesús;Jiménez;Escamilla;M;75230341D;Avenida de  Observación 144, 6;Barcelona;Barcelona;8018;689-634-914;937-189-217;jimenez7@email.com;14/02/1936;195;312;62;24443
1958;Marta;Arana;Juan;M;80563768N;Plaza la Coalición Verde 233, 5º;Gáldar;Las Palmas;35278;685-871-984;928-206-799;arana42@correo.com;06/07/1987;28;378;69;20052
1959;María;López;Castells;M;27000168P;Paseo Pasivo 210, 1º;Martorell;Barcelona;8926;689-426-702;936-003-935;lopez74@email.net;13/05/1988;397;244;58;23641
1960;Jaume;Pérez;Crespo;H;27190168M;Plaza Restauración 204, 6º;Marín;Pontevedra;36180;640-424-672;986-994-172;jauperez@email.com;04/03/1937;345;222;65;22161
1961;Juan;Sánchez;Castro;H;98734675E;Paseo Víbora Veloz 282, 6;Salamanca;Salamanca;37868;600-069-707;923-789-691;sanchez31@mail.net;20/05/1965;50;11;30;16653
1962;Manuel;Reyes;Martin;H;70373072H;Paseo Adsorción 24, 1;San Feliú de Llobregat;Barcelona;8962;610-322-906;937-850-086;mreyes11@email.net;10/10/1965;496;186;77;15087
1963;José;Pardo;Torre;H;12817240F;Plaza Bebida Bonita 7, 2;Elche;Alicante;3361;629-147-385;968-116-721;josepardo45@mail.net;14/03/1955;132;424;37;15076
1964;Concepción;Jiménez;Gómez;M;58751593W;Avenida Cabeza 99, 5º;Los Barrios;Cádiz;11191;683-298-956;956-358-153;concepcionjimenez10@mail.es;14/01/1979;159;66;52;18748
1965;Santiago;Diez;Vázquez;H;25655692C;Paseo del Abrasivo Nuevo 107, 3º 5ª;Logroño;La Rioja;26262;606-597-516;941-470-010;sdiez@mail.es;30/12/1934;477;452;51;21923
1966;Daniel;Pérez;Cruz;H;94035260J;Plaza  Excavación 217, 4º;Mairena del Aljarafe;Sevilla;41241;662-272-156;950-931-520;perez73@mail.net;13/09/1963;486;230;84;21480
1967;Vicente;Ramírez;Aguayo;H;95353418H;Paseo de la Exuberancia Inteligente 115, 1º 5ª;Coín;Málaga;29096;674-941-224;954-409-987;vicramirez@mail.es;31/01/1979;240;367;92;17982
1968;María Rosario;Checa;Delgado;M;45998559P;Plaza Insercción Agotada 295, 6º 4ª;Almería;Almería;4105;638-267-463;950-913-894;marcheca24@mail.es;04/07/1962;68;487;96;20296
1969;Josefa;Reina;Martí;M;46440662M;Avenida Capilaridad 51, 4;San Sebastián;Guipúzcoa;20930;619-692-168;943-999-566;j.reina@mail.net;13/05/1979;367;265;70;21940
1970;María;Sánchez;Sánchez;M;07741528G;Calle de  Gramática 273, 5º 4ª;Las Palmas de G. C.;Las Palmas;35616;618-296-404;928-528-092;mariasanchez@email.com;01/05/1976;417;72;58;17424
1971;Alejandro;Ramírez;Bastida;H;93018051W;Plaza de la Presencia 195, 2º 1ª;Córdoba;Córdoba;14413;652-076-315;957-404-368;aleramirez7@email.net;08/04/1990;212;448;81;17910
1972;José Manuel;Giménez;Guillen;H;03967950J;Calle Circunstancial Grande 83, 1º 3ª;Valencia;Valencia;46119;609-581-110;963-761-365;gimenez91@email.es;11/09/2000;392;322;84;21610
1973;Daniel;Pereira;Teruel;H;16284819Z;Calle  Veracidad 169, 1;Córdoba;Córdoba;14245;631-127-723;957-456-169;dpereira25@correo.net;26/01/1994;425;483;70;24047
1974;Pilar;Arcas;Álvarez;M;58786097Y;Avenida de  Derivación 114, 5º 3ª;Palma de Mallorca;Islas Baleares;7580;622-347-426;971-841-786;pilararcas99@correo.es;19/02/1988;62;90;75;23178
1975;Marta;Ortiz;Torres;M;09316854Z;Calle Graffiti Compasivo 177, 1º 5ª;León;León;24685;690-773-027;987-906-075;ortiz22@correo.net;18/10/1987;158;157;76;18574
1976;Silvia;Delgado;Rodríguez;M;76192343J;Paseo  Encabezamiento 267, 4;Sevilla;Sevilla;41180;604-809-541;950-868-244;sdelgado@mail.com;01/03/1952;261;145;41;23341
1977;Luis;Cabezas;Martínez;H;77785011T;Plaza de  Vesícula Humilde 179, 1º;Melilla;Melilla;52024;697-680-378;957-981-181;lui.cabezas@correo.com;07/06/1987;240;378;65;23575
1978;Javier;García;Pérez;H;09753727W;Plaza Encabezamiento Venenoso 86, 6º 3ª;Murcia;Murcia;30294;677-497-105;968-408-998;j.garcia@mail.com;03/05/1940;440;133;57;17645
1979;Antonia;Soler;Maestro;M;02250590V;Avenida de  Adversativo 206, 6º;Barcelona;Barcelona;8831;654-053-815;934-654-486;ant.soler@mail.net;04/04/1940;217;442;80;20609
1980;Ana;Pujol;Barreiro;M;46260644P;Avenida Subida 19, 3º 1ª;Alicante;Alicante;3074;630-284-676;963-632-291;pujol77@correo.es;11/03/1965;319;154;83;21793
1981;María Luisa;Martínez;Pérez;M;15517194Z;Calle de la Prueba 149, 2º 1ª;Madrid;Madrid;28161;674-640-690;917-388-217;marmartinez@mail.net;22/02/1976;333;284;56;23135
1982;María José;Martí;Sastre;M;96438521G;Paseo de  Bisílabo Sabio 162, 5º 3ª;Murcia;Murcia;30377;619-558-852;968-163-091;marmarti42@email.es;09/11/1992;51;335;94;24675
1983;María Amparo;Souto;Casillas;M;06918282C;Calle Inefable 132, 4;San Fernando;Cádiz;11894;662-899-499;956-840-056;msouto@correo.es;03/11/1979;433;231;83;23608
1984;Diego;Olea;Gallardo;H;38211339J;Calle Conserva Ancha 100, 4º 3ª;Altea;Alicante;3115;610-265-941;965-693-128;d.olea@mail.net;13/06/1951;459;172;100;24334
1985;Susana;Sánchez;Morcillo;M;89312195K;Calle Envase Luminoso 40, 4;Badajoz;Badajoz;6155;672-807-325;924-033-279;susanasanchez@mail.net;04/12/1994;12;54;69;22874
1986;Jaume;Mira;Arcas;H;25303353H;Calle Invención 249, 5º 6ª;San Antonio Abad;Islas Baleares;7968;695-264-675;971-920-477;jaumemira@mail.net;08/10/1980;466;309;78;23438
1987;Antonio;Arévalo;González;H;91116738F;Plaza de la Subvención 65, 4;Sevilla;Sevilla;41434;651-296-069;956-745-918;antonioarevalo@mail.net;20/08/1984;63;16;80;20822
1988;María José;López;Barroso;M;64567696A;Calle Bisectriz 49, 2º 2ª;Fuenlabrada;Madrid;28321;604-588-089;914-202-000;mariajoselopez@mail.es;27/02/1951;137;241;32;23722
1989;Roberto;Mesa;Ramis;H;20324087E;Plaza Beneficencia 28, 1;Zaragoza;Zaragoza;50128;635-986-530;976-070-172;mesa53@email.net;22/06/1961;374;176;43;17212
1990;Andrés;Salas;González;H;79590103Y;Calle el Cuadrúpedo 255, 6º;Baracaldo;Vizcaya;48369;625-671-656;943-301-284;andsalas@mail.net;07/11/1996;12;322;95;18356
1991;María Ángeles;Salas;Ruano;M;49519322T;Calle de  Prohibición 207, 4º 3ª;Jerez de la Frontera;Cádiz;11277;695-610-611;956-203-180;mar.salas@correo.net;19/03/1999;14;403;42;21301
1992;José;Segura;Pérez;H;18972647Q;Paseo de  Anorexia Ordenada 265, 3º 2ª;Manresa;Barcelona;8516;679-753-638;930-174-951;jossegura@correo.com;11/05/1993;35;26;91;19348
1993;María Carmen;Olalla;Campo;M;71191196D;Plaza Estratega 205, 1º 5ª;Adra;Almería;4526;642-224-655;950-248-746;mariolalla@email.com;23/12/1974;242;410;61;24203
1994;Alberto;Patón;Marco;H;19754769T;Calle de la Ausencia Abierta 231, 4;Barcelona;Barcelona;8779;638-666-840;937-148-290;albertopaton53@email.net;02/10/1946;417;183;81;24288
1995;María Mercedes;González;Andrés;M;91549388G;Plaza de la Expedición 209, 4º 5ª;Badalona;Barcelona;8386;634-513-839;938-303-122;gonzalez8@email.net;14/12/1958;119;15;66;21703
1996;María Carmen;Grau;Salvador;M;30152889G;Paseo Aseverativo 254 bis, 3;Las Palmas de G. C.;Las Palmas;35950;642-231-933;928-605-072;marigrau@email.es;10/10/1939;185;440;84;15171
1997;Patricia;Lorenzo;Barreiro;M;95470628C;Plaza del Mesías 14, 6;Ávila;Ávila;5306;617-421-853;920-818-310;lorenzo22@mail.net;04/03/1947;55;226;95;17313
1998;José;Martínez;Martínez;H;03298823W;Paseo  Escena Ácida 247, 6;Alcobendas;Madrid;28974;680-185-092;918-965-875;jose.martinez@mail.net;02/10/1957;435;440;35;20825
1999;María Pilar;Escudero;Losada;M;54839470H;Avenida de la Disciplina Honesta 244, 5º;Catarroja;Valencia;46720;634-367-294;964-386-326;mari.escudero@email.es;25/03/1945;49;269;44;15665
2000;Manuel;Sánchez;Abad;H;35335936R;Avenida Tecnología 42, 1º;Madrid;Madrid;28044;647-815-520;918-669-500;manuelsanchez58@mail.net;28/03/1940;244;103;37;15209
